-53.9 0.0 0.0
-37.4 0.0 0.0
-23.3 0.0 0.0
-11.1 0.0 0.0
-0.4 0.0 0.0
9.1 0.0 0.0
17.7 0.0 0.0
25.6 0.0 0.0
32.9 0.0 0.0
39.9 0.0 0.0
46.8 0.0 0.0
54.5 0.0 0.0
62.9 0.0 0.0
71.9 0.0 0.0
81.2 0.0 0.0
90.7 1656.104450192253 247.06802376285867
100.4 18097.73421899778 2699.933224353195
110.4 35633.663891834854 5316.052931422016
120.4 24266.75880154052 3620.2669098139104
130.5 3571650.7804619633 532841.2104667486
140.7 74663529.22376134 11138772.4429662
150.8 65182218.088953406 9724291.12538636
161.0 69802097.34598279 10413513.618523652
171.2 62989678.559998475 9397194.360216768
181.4 53797569.53036397 8025858.022160989
191.7 40829048.06801782 6091132.849206997
202.1 28302405.304520525 4222329.905285612
212.6 18770262.084642086 2800265.1392097147
223.2 12134537.0275572 1810306.1569140486
233.9 8044790.689273753 1200172.2095209486
244.9 4944760.667046487 737690.3345955429
256.0 3227855.141966455 481551.62606190325
267.5 1889670.849758455 281912.920624001
279.4 1199805.0791951753 178994.42863219162
291.9 669846.6463455441 99931.91378572764
305.2 438771.067071209 65458.61308024365
319.6 225034.36903391354 33572.03516328728
335.7 136672.10296615548 20389.599447934583
354.5 67772.08537309685 10110.663731067794
377.0 38048.98952936419 5676.386322192668
403.4 20141.262937801064 3004.7996245363242
433.9 11228.242770303506 1675.099509132078
468.4 6603.105176349088 985.0925443920429
506.7 3774.5155697295936 563.105849010292
548.5 1995.8732076662145 297.75685286159614
593.5 1000.0496527103569 149.19366428319066
641.3 511.8077752438164 76.35468618013536
691.3 228.63815907200038 34.10967110929481
743.1 96.29032081197134 14.365192526198255
796.6 38.04234076988951 5.6753944186544025
851.2 14.790067294458192 2.206474777202171
906.8 7.802273800371681 1.1639920226594278
963.2 2.930875877150963 0.43724640120244923
1020.1 1.1947962975146886 0.17824718724224556
1077.5 0.0 0.0
1135.2 0.0 0.0
1193.2 0.0 0.0
1251.4 0.0 0.0
1309.8 0.0 0.0
1368.3 0.0 0.0
1426.9 0.0 0.0
1485.5 0.0 0.0
1544.2 0.0 0.0
1602.9 0.0 0.0
1661.7 0.0 0.0
1720.5 0.0 0.0
1779.3 0.0 0.0
1838.1 0.0 0.0
1896.9 0.0 0.0
1955.7 0.0 0.0
2014.6 0.0 0.0
2073.4 0.0 0.0
2132.3 0.0 0.0
2191.1 0.0 0.0
2250.0 0.0 0.0
2308.8 0.0 0.0
2367.7 0.0 0.0
2426.5 0.0 0.0
2485.4 0.0 0.0
2544.2 0.0 0.0
2603.1 0.0 0.0
2661.9 0.0 0.0
2720.8 0.0 0.0
2779.6 0.0 0.0
2838.5 0.0 0.0
2897.4 0.0 0.0
2956.2 0.0 0.0
3015.1 0.0 0.0
3073.9 0.0 0.0
3132.8 0.0 0.0
3191.6 0.0 0.0
3250.5 0.0 0.0
3309.3 0.0 0.0
3368.2 0.0 0.0
3427.1 0.0 0.0
3485.9 0.0 0.0
3544.8 0.0 0.0
3603.6 0.0 0.0
3662.5 0.0 0.0
3721.3 0.0 0.0
3780.2 0.0 0.0
3839.0 0.0 0.0
3897.9 0.0 0.0
3956.8 0.0 0.0
4015.6 0.0 0.0
4074.5 0.0 0.0
4133.3 0.0 0.0
4192.2 0.0 0.0
4251.0 0.0 0.0
4309.9 0.0 0.0
4368.7 0.0 0.0
4427.6 0.0 0.0
4486.5 0.0 0.0
4545.3 0.0 0.0
4604.2 0.0 0.0
4663.0 0.0 0.0
4721.9 0.0 0.0
4780.7 0.0 0.0
4839.6 0.0 0.0
4898.4 0.0 0.0
4957.3 0.0 0.0
5016.2 0.0 0.0
5075.0 0.0 0.0
5133.9 0.0 0.0
5192.7 0.0 0.0
5251.6 0.0 0.0
5310.4 0.0 0.0
5369.3 0.0 0.0
5428.1 0.0 0.0
5487.0 0.0 0.0
5545.9 0.0 0.0
5604.7 0.0 0.0
5663.6 0.0 0.0
5722.4 0.0 0.0
5781.3 0.0 0.0
5840.1 0.0 0.0
5899.0 0.0 0.0
