10.295502651990029  1457.9345088161208
11.019414410557768  1436.7758186397987
12.025445666915884  1409.5717884130981
12.996547346133053  1388.4130982367758
13.910378730832809  1370.2770780856424
15.0336961128424  1349.11838790932
16.406216250901476  1324.9370277078085
17.90404233603025  1303.7783375314862
19.7292062124888  1279.5969773299748
21.846207480023693  1255.4156171284635
24.664606947762948  1225.1889168765742
27.711779723423824  1204.030226700252
31.135413471862186  1179.8488664987406
35.32325432846705  1152.6448362720403
39.68724274171898  1128.463476070529
45.46454508398382  1104.2821158690176
50.58796594635109  1086.1460957178842
57.39225492212213  1064.9874055415617
65.11174868226617  1043.8287153652393
73.86954602525016  1022.670025188917
83.80530304299349  1007.5566750629723
96.00490523545187  986.3979848866499
111.05323069372359  971.2846347607053
133.54645918428483  947.103274559194
155.98613717215645  931.9899244332494
182.19633181224788  916.8765743073048
216.9826244824334  898.7405541561714
266.0466786253019  880.6045340050377
307.7482666559041  865.4911838790932
359.4589001482874  850.3778337531486
423.95398164625897  835.2644836272041
519.8183447914322  817.1284634760706
619.0659690294444  802.015113350126
737.2626954212905  786.9017632241813
912.7902551226089  771.7884130982368
1097.6709618267232  756.6750629722922
1359.0045495438496  744.5843828715365
1587.3567249746834  729.4710327455921
1872.164532769572  720.4030226700252
2208.073322533226  708.3123425692695
2655.3065768689717  699.2443324937028
3101.475085625877  687.1536523929472
3587.6169798838514  678.0856423173805
4485.084789267505  653.9042821158691
5289.81075067725  652.3929471032748
6742.740176217945  635.7682619647355
8267.406816537052  626.7002518891688
10436.376712515172  611.5869017632242
12796.24747774167  602.5188916876575
16470.04449102379  590.4282115869019
20590.14282724281  584.3828715365239
25002.09443617776  566.2468513853905
30954.59501847891  560.2015113350126
39841.64561077617  551.1335012594459
48850.628067555095  539.0428211586902
58745.05736211005  536.0201511335013
74156.93484478771  523.9294710327456
94525.29920075304  517.8841309823677
115899.33506615496  511.83879093198993
140733.65807741004  505.793450881612
165984.4690698924  502.77078085642324
195765.84840323016  499.74811083123427
209530.81009334163  469.52141057934523
177655.4008311597  451.3853904282116
149173.98310246918  442.3173803526447
124048.6109490918  436.272040302267
108285.41944971499  433.24937027707824
83318.60498468009  427.2040302267003
68615.93060455009  421.1586901763226
55421.23797055192  415.11335012594463
45200.51041062743  409.0680100755669
35806.58481134074  403.022670025189
28364.97871825548  390.9319899244331
23587.465698915934  387.90931989924434
20194.246631958216  384.88664987405537
16630.70361973056  381.8639798488666
13563.686406628383  378.8413098236774
11279.154870695966  369.77329974811096
9563.2846486756  363.727959697733
7952.540732012852  360.70528967254404
6677.6026578917745  351.63727959697735
5772.750656295259  348.6146095717884
4441.757108677681  342.56926952141066
3657.95007714466  339.5465994962217
2954.534317667463  339.5465994962217
2229.612252577535  333.50125944584397
1698.9691675229471  333.50125944584397
1307.2465496218535  339.5465994962217
986.501631322273  339.5465994962217
789.1021395367903  333.50125944584397
589.7360449144004  330.478589420655
449.3800911473295  330.478589420655
355.9863859946952  330.478589420655
260.9312761378315  324.43324937027705
198.83017438933612  330.478589420655
154.4792498232242  321.4105793450883
122.37415706454142  324.43324937027705
92.34853640331232  324.43324937027705
67.68972747608491  324.43324937027705
48.19122427976092  318.38790931989934
36.01574572210878  315.36523929471036
26.656370237675752  315.36523929471036
20.91244066538868  312.3425692695214
16.090766346194936  312.3425692695214
11.680289999819937  312.3425692695214
