24.45397785389371  0.010432123106717773
24.45397785389371  0.013125330147352279
24.45397785389371  0.016714643297106025
24.45397785389371  0.02052749514118527
24.45397785389371  0.02844908097833792
24.45397785389371  0.034104241811031284
24.821156135257286  0.0484216261230151
25.57213510616451  0.1419812420733914
25.57213510616451  0.18523222156741212
26.741420058324312  0.24165851351732207
27.964170522599954  0.4063721011810054
30.127590610706417  0.6432783721900045
31.505173600929137  0.8392367909095363
32.458381530493355  1.0558981944335781
33.942539851161634  1.2967638417730631
37.11754878610886  1.611940775744077
40.58955027910268  1.8862122071335166
45.72926012210131  2.2339907205443947
52.29336656666497  2.6141038375114887
59.79970328787243  2.879503331299625
71.51035467357491  3.0960905106297942
80.56545558661279  3.4104241811031226
96.34269045955666  3.6228897509242866
120.47755599762226  3.6228897509242866
150.65846126908124  3.5363596812451297
202.97538119362525  3.3289686960304548
265.42890783083675  3.0221426551783765
322.1740932532705  2.7435963093132827
379.5666316720753  2.373165816136795
447.18315623729023  2.0527495141185246
550.9349497090295  1.8411614093080233
639.4774621219921  1.6714643297105987
753.3948613833421  1.4633706173946346
928.191400498596  1.3125330147352257
1093.5406999261008  1.1630993095052922
1327.325219824108  1.0432123106717768
1563.7767696795381  0.913334622824862
1870.0131485896484  0.7900194712408963
2138.4400885248415  0.7000746580697509
2557.213510616451  0.605553098914407
3012.7590610706434  0.5497401800103733
3881.4747360904066  0.4530727882049996
4641.588833612773  0.3871921191717761
5229.336656666497  0.3349148336352787
6347.299581820045  0.3003933323832164
7045.250511227067  0.2727065304666323
7937.365431199168  0.23875515424585833
9351.338683530395  0.21157254859620142
10535.465315790732  0.1897646103750488
12412.267673766668  0.1602228340877476
14193.959439858534  0.1419812420733914
16973.58043534756  0.12281144608535807
19122.884328458207  0.10882919251371488
22529.46138254993  0.0941354668668303
26150.242956082937  0.08443241011645161
29461.55486257088  0.07392075674245553
33690.549200635935  0.06550477600184614
40893.14245619847  0.05597981979123287
47465.20976731256  0.0484216261230151
56760.381715882526  0.04088354595323896
64907.92633878463  0.036228897509242915
76470.71408024072  0.03210418725020706
88760.56636544029  0.028107285020807293
101501.50737666203  0.023731658161367998
117814.1382627206  0.021029775945461352
136748.42407097935  0.018635506769444043
163528.0405873078  0.016119407757440803
187001.31485896447  0.013943023372816703
213844.0088524837  0.012207146966133202
251938.47625601015  0.010558981944335792
