15.453822397509747  0.0016512840354510454
15.908832572954887  0.27267389657354696
17.105835741848228  0.8922674486302233
17.609486497100093  1.4733869932757166
18.661711912339  2.17086923195406
20.06584563450913  2.98708461318092
20.958541581523896  3.926986478874687
23.88206266937739  5.046267831325141
27.213387683753073  5.785970800743574
31.009401469155037  6.943591429214273
37.446303050867456  8.332821508477343
45.88024294223426  9.128428949428992
54.60596364542414  9.128428949428992
69.88121197174291  9.554281212853732
85.62038762560995  9.128428949428992
106.4376183183711  8.524974121288675
132.31622639721166  7.781962056190466
159.78230076919263  7.267518376864174
187.43118025608493  6.634102514187426
223.0777249363949  6.055893344398826
261.67930410557915  5.528079211966468
302.53898703692744  5.046267831325141
365.3397375165764  4.606449735804074
434.82176958340784  4.204964912240353
510.0637372332236  3.667384419873407
624.9441539928506  3.1985304904635603
743.7989767473556  2.789616829636368
859.9388085098869  2.5464819025466987
1008.7434280962357  2.246389955311664
1200.591004531876  1.9816625542394146
1428.9250566749122  1.7283184351215262
1700.6847543302497  1.5073628992941215
1994.9728425058938  1.314655253335081
2273.2529485941277  1.1730240887216128
2745.132598222097  1
3314.96456937712  0.8524974121288689
4061.5859883769713  0.7103708771708723
4976.367136279776  0.5919393724285371
5922.7960774338535  0.5046267831325145
7049.221332389565  0.43019302671138504
8389.875447905977  0.36673844198734107
10131.437683304634  0.3126435727223816
12413.316786778398  0.2605203087268266
14990.061086038431  0.21957564057940981
17583.955343874375  0.18933361312185448
20928.154793323512  0.1651284035451042
25641.75226980446  0.13759855127211712
30078.82518043096  0.12000737073062885
35799.35782745651  0.1000000000000001
43862.360246043834  0.08524974121288698
52967.26658634321  0.07267518376864192
63040.83082674499  0.06055893344398838
73949.47543814039  0.05281682335805874
88013.53498623459  0.04502620522961267
100290.60228826583  0.04017541726172732
121108.82856529878  0.03464208000836975
140019.2592249912  0.028539446400919037
161882.44231381165  0.026052030872682708
187159.43274185824  0.022721429101683868
226009.80687264568  0.018933361312185485
268993.41647200176  0.016140641521538955
315540.2900556095  0.013449708483130261
375551.22864404233  0.012000737073062909
460135.7197808627  0.01000000000000001
531983.203783832  0.008524974121288697
670991.5890010073  0.006943591429214305
798603.9298332918  0.005785970800743599
