0.10346139387845082  0.0027923669883357246
0.11676790305475812  0.0035974282556075713
0.14000424861024613  0.004634594989950435
0.17301957388458786  0.005758565908707894
0.23061629125258767  0.007285769746626973
0.29822801650711933  0.008810289450408437
0.35757419867361423  0.01084834423931401
0.4418961288729345  0.014231204200474454
0.5140455951480822  0.01800539902913994
0.5889995222594253  0.023620057092778802
0.6851669208644363  0.03271408472183171
0.8215123969746807  0.0487105226871622
0.955642743695106  0.0699509654892239
1.217267084078837  0.12709420144951408
1.4817391539818054  0.19269582207575403
1.723666344861356  0.271759463089684
2.0666690516307114  0.36301236184417174
2.632456769887968  0.45928526746155074
3.7843972299965416  0.4350176482540335
4.676820901105836  0.3316108132493274
5.440416936083251  0.2574002932370349
6.3286871711129615  0.21286011995353418
7.361987469042187  0.18924035429247
9.23670857187379  0.22271048719773098
9.962262108049751  0.2921587249611902
10.583529919200988  0.4195558528162144
10.908545084003302  0.5917008063238915
11.765423202290396  1.265205584537931
12.31152884266972  2.0999086036508565
13.278612865947368  5.00507522313297
13.480961048470231  7.187560816230297
15.214791660762721  10.136637355714466
18.520465079763795  12.824930190885755
21.544346900318736  16.226173298817788
26.624861440398362  20.52944507334455
36.02883723656532  26.688620709796936
46.59171564922205  31.126032895675376
66.97985002473818  35.32918307721717
108.67378534431937  35.32918307721715
161.02620275609326  32.27311343380479
221.22162910704412  27.923669883357174
303.91953823131826  23.72715020456535
375.5888090680068  20.16130613138163
508.24783070060505  16.522457985504623
637.6725190323244  14.295728343507312
812.2468076703516  11.715539131670361
1082.6367338740517  8.9306709157667
1465.0270672165934  7.187560816230297
1866.104501889339  5.680943005681784
2449.980126857715  4.4901343110626035
3216.5415259009314  3.6137389607345214
4097.127456765494  2.8562464510890555
5218.789579369697  2.3620057092778755
6956.07942269415  1.883862130137215
9271.698005626979  1.4360545038384422
12546.487766673024  1.1768657273465712
16977.942463585565  0.9471622084861469
23680.138407336686  0.7622927818681948
31089.292395188357  0.6135066201776682
43362.071021457814  0.4849066647154648
62336.940662278124  0.3973874481366944
89615.05019466049  0.3438315903520983
124991.39966703692  0.28691966450396944
185204.65079763872  0.23942795307076992
274424.98258639144  0.20716027711764246
419113.53980403946  0.17924131190635675
621016.9418915603  0.15791678393659397
1038533.1439417943  0.1442565561153299
1538835.222086393  0.13418419813502602
2652438.4825975825  0.1236909478303126
4571918.944268623  0.12257690300878998
8629002.426877102  0.12481511769035321
13178580.60159522  0.1294149005424372
20744977.688960828  0.14166971288845356
35220703.76115439  0.15791678393659397
54610256.95848029  0.1858468507877712
78507236.10244381  0.20716027711764246
123581659.55824134  0.23513447348547595
191615313.24295697  0.271759463089684
271329826.3929402  0.32566428846519796
367164282.69196373  0.39026140093065764
482044384.42570376  0.45928526746155074
614012680.0498819  0.5706700346655654
806127878.8180423  0.6716020054215843
1058352991.9201119  0.8195132734871251
1568203066.8618336  1.0946939826453577
1997526781.8822343  1.3118319152245432
2395026619.9875007  1.6007451711459695
3050708111.622015  1.9182608445296927
3885894171.1323996  2.3407318790179783
4520353656.360259  2.754727125323799
5757881541.5965805  3.301140791878497
6903676932.864047  3.884999459107527
8531678524.17285  4.740618101981918
10867378534.432026  5.89030149289669
12641722118.452732  7.058671748614107
15622849990.725151  8.6132488355907
19899885368.960064  10.897530527804191
22459274889.466812  12.824930190885755
28607904193.901035  16.226173298817788
34300762677.075584  20.52944507334455
41126477223.02881  25.508197109002893
47841298167.45878  30.567873394686494
57361525104.48728  37.30003452490353
66727082190.43139  43.109958337693925
75309071067.54155  53.564882572817105

