96252.56734542358  0.1287412935132889
99455.84961302976  0.15986807864838778
102765.73700888312  0.1928707892549999
106185.77734813656  0.24651850753878854
110923.5337515323  0.3105725081630347
117144.08895259569  0.4027315689175186
122370.77911219724  0.49293535534395966
133534.17175753287  0.6675002161321409
141022.72408319783  0.8409397671325256
147314.82205276837  1
160753.75913385887  1.2781536721605857
173514.7875738866  1.5199110829529332
189343.84184249895  1.8336771958790898
208884.01823065008  2.1805095531772096
238109.78955244325  2.592943797404667
277413.73660384695  2.9103809782876287
330337.0955409394  3.0391953823131947
389087.6027398613  2.99563591130563
468399.1666671332  2.827552376045164
557757.60120911  2.5191493656671904
642771.884524013  2.2770196117090777
740744.1774686889  2.028663574561864
835220.120316203  1.7814912723757335
941745.707357247  1.5644344352347042
1085288.056582615  1.3938005352394818
1250709.3545094968  1.206437150465777
1410227.2408319784  1.04426032364373
1661036.3893744426  0.8909293376876954
1935217.8349216399  0.7601122696905621
2205981.6510352492  0.6579332246575675
2598315.8533373103  0.5532822127322876
2929710.074886978  0.49293535534395966
3376261.0529409475  0.4205565984993551
4020364.2533000754  0.3435976277540014
