999.999999999999  0.01000000000000001
1159.890998157836  0.013593563908785269
1303.2588262550723  0.016788040181225625
1479.944396837022  0.021961736002054366
1593.8740053312508  0.027122725793320295
1790.8841164260941  0.03414548873833604
2012.2455775923836  0.041368204023885115
2167.152985829688  0.049166202627456454
2435.0229988104797  0.0607202195690989
2650.4089134892215  0.0721661162083389
2854.443639732177  0.08576958985908946
3140.0207307246756  0.09809947127268784
3454.168809689948  0.12349991726875852
3759.7015742237036  0.1467799267622072
4135.846551697308  0.1744482698999256
4501.675988603406  0.20339175013722952
5004.797418903305  0.2417315480804106
5333.27361498012  0.2818382931264455
5929.33700473598  0.3349654391578283
6522.546409804343  0.42169650342858267
7251.526657873312  0.49166202627456507
7977.016507938924  0.5956621435290109
8775.089077117434  0.6944910713781222
9653.006012299382  0.8097171416105626
10506.846625046832  0.9440608762859245
11681.124763970643  1.100694171252211
12714.35925210211  1.2589254117941688
13838.986780633026  1.496235656094435
15385.675356310276  1.7782794100389254
17287.415143192553  2.1134890398366486
19219.51089043213  2.5118864315095832
21825.140854005745  3.1021776647995063
24784.021612866374  3.686945064519581
27847.439947688265  4.216965034285829
31289.510788576914  4.823178482239312
34419.91677915324  5.516538667595589
39502.60779631566  6.30957344480194
43917.54316380401  6.9449107137812245
49345.95220289575  7.644222742526014
57845.54785761458  8.254041852680198
71498.09630773276  8.912509381337468
83813.28897438095  8.912509381337468
100353.78155771675  8.912509381337468
125360.15175658383  8.254041852680198
158265.59071466254  7.7923179843419526
201936.45313418805  7.356422544596425
231755.83366808912  6.683439175686155
263175.4648897746  6.072021956909893
308506.13413308637  5.516538667595589
397826.08098849247  4.553374104426258
491719.907679963  3.905410294116385
601369.0933573488  3.2235420019524677
697522.5979555283  2.92864456462524
792087.2199099516  2.660725059798813
889992.8201451674  2.4641473082812837
989461.2096431407  2.196173600205439
1159890.9981578363  1.9201419386388041
1317139.8873990213  1.744482698999256
1527738.6987087538  1.6468978654828705
1772010.3641696537  1.4125375446227562
1970055.8012878124  1.2833151855576526
2144313.8148407913  1.100694171252211
2540434.344870679  1.000000000000001
2946626.9280265067  0.8912509381337463
3490959.297874556  0.7943282347242829
4006459.3084769384  0.6812920690579622
4598081.736517068  0.618965818891261
