1005.471275838346  0.2727323641386822
1085.2880565826151  0.30612120692593575
1184.2945089139923  0.34859387274089504
1292.332920589057  0.39695939178070594
1410.2272408319782  0.458608401207371
1538.8765844315785  0.5222378424996436
1725.7060618585322  0.603342979049751
1852.5609777221262  0.6772063210037035
2054.9261013913215  0.7823785369325764
2230.186754999879  0.8909293376876954
2394.1255389089542  1
2598.3158533373103  1.0904796235365088
2804.576550936319  1.2239799245658707
3162.2776601683795  1.4243116142761254
3604.724164860014  1.7059838739822928
3976.7296408584793  1.9709283950253245
4483.929418727326  2.3437212414699866
5000.94562715924  2.6688999184130013
5638.775889787247  3.1737111535509097
6153.178672489423  3.5622478902624404
6937.9669627993135  4.056490565288104
7653.961192709539  4.619306744837204
8443.845618409623  5.18481831210776
9214.143599339197  5.736152510448679
9945.584961302986  6.920307489342814
14731.48220527684  8.973834513103919
19779.19129640369  11.38744604601127
25146.290804524604  14.243116142761247
30272.10729580516  16.4551157062714
35656.00659629508  18.073958948755536
42458.24955102596  21.492572542246304
51112.93335434847  23.268648539688723
58903.6463591063  24.474551021481318
73671.34151605336  23.778012366664395
83522.0120316203  23.268648539688737
95207.89994515538  22.282421358783026
109719.63651711398  21.032166565798118
122370.77911219724  19.010645577329857
137978.18459072144  18.204891200880013
171631.56256449653  16.219271660276593
202156.26441638972  14.450224958067043
262682.5839054306  11.977602772335178
309400.7249955062  10.21890563438047
352690.1777363615  8.718441774139233
406447.7645939207  8.111308307896865
448392.9418727326  7.020935517037307
511129.33354348474  6.626994565105986
625472.9477281423  5.572903266368743
716886.2274561917  4.893900918477492
830675.2667994491  4.236032150565492
946898.2578917758  3.884558738317105
1038933.3267457451  3.2198600124485295
1197289.1644677017  3.266679920813007
1278306.7173441276  2.747081051904993
1473148.2205276839  2.3778012366664423
1590090.3464214632  2.212216291070448
1832454.396528395  2.1184528809362164
2021562.644163897  1.8873918221350958
2254657.4491418633  1.6815327460519953
2626825.8390543116  1.542012074098786
2961856.279238039  1.3541333744794462
3162277.6601683795  1.1721022975334805
