1369.0 0.0004218585528923694 6.293549839714371e-05
1316.0 0.0006370476858442233 9.503875964222137e-05
1264.0 0.0008711787450058312 0.00012996789595475782
1212.0 0.0012317994044740944 0.00018376754225879344
1161.0 0.0017151962449265805 0.00025588370742575566
1109.0 0.002354255156406219 0.000351222514292067
1058.0 0.003380942832712422 0.000504390205603571
1008.0 0.004706886637972008 0.0007022027986124604
958.0 0.006560643116255694 0.0009787577885914914
908.4 0.009239517872590494 0.001378409085874712
859.6 0.01305110453301286 0.001947045432140255
811.9 0.018421840740174614 0.0027482854630459415
765.0 0.026181704184547433 0.003905950443445141
719.2 0.03730315791118995 0.005565118494888194
675.2 0.05338065622343544 0.007963660286498054
633.1 0.076649822149236 0.011435100049388733
593.0 0.11146470767815381 0.01662900250171372
555.6 0.16168587763512515 0.02412131085876641
520.2 0.23797712322718564 0.03550291621382064
487.5 0.3562033762419059 0.05314064835435305
457.7 0.5421020611369627 0.08087417729439317
431.7 0.8117791681241151 0.12110629542538785
408.6 1.2367944028828872 0.18451272737402927
388.3 1.909335888308201 0.2848466741146954
370.9 3.002402777505539 0.4479172317255099
356.6 4.7451679020054405 0.7079138370984609
344.2 7.472113787971282 1.1147366862705799
332.8 11.274722061661976 1.6820335806276905
322.5 16.3443112476742 2.438346614707272
313.2 23.505309573921203 3.5066691498164544
304.0 34.00346950343821 5.072850332791415
294.8 46.515576520802334 6.939484743157672
286.7 63.57993181320463 9.485252033615517
278.6 88.31105634435946 13.174795928408054
270.6 120.07836425790401 17.914041684045355
262.6 157.55709372224067 23.505353041744765
254.7 216.14692369568465 32.24615046092944
246.9 318.73654603347484 47.55111220210067
239.1 362.75788815272773 54.118491451356306
231.3 523.9126952803268 78.16057388901801
223.6 585.7310331998251 87.38302032366288
216.0 849.8659064315916 126.78831334648517
208.3 862.0347436625988 128.60373662235875
200.7 1161.5784763361214 173.29154484218807
193.1 1223.9032190784746 182.58953991677063
185.5 1334.8258041547265 199.1376651767901
178.0 1642.3502351177701 245.01608390093313
170.5 1633.7017258467097 243.7258451760462
163.0 1586.9662857145113 236.75355980370193
155.5 1680.7758667009311 250.74866004127816
148.1 2151.5550137149057 320.98243875493614
140.6 1858.951867837514 277.3300706990866
133.1 1981.1289359680513 295.55721015798235
125.7 1862.3194601918867 277.83246919680045
118.2 1739.4359490463355 259.49993814886557
110.8 1511.2546279479418 225.45842098680868
104.3 1152.4038700506524 171.92281967301773
97.75 350.14494145449646 52.23681314646646
91.25 0.0 0.0
84.75 0.0 0.0
78.24 0.0 0.0
71.73 0.0 0.0
66.16 0.0 0.0
60.59 0.0 0.0
55.02 0.0 0.0
49.45 0.0 0.0
44.8 0.0 0.0
41.1 0.0 0.0
39.24 0.0 0.0
37.37 0.0 0.0
35.52 0.0 0.0
33.67 0.0 0.0
31.8 0.0 0.0
29.95 0.0 0.0
28.09 0.0 0.0
26.22 0.0 0.0
24.37 0.0 0.0
22.52 0.0 0.0
20.65 0.0 0.0
18.79 0.0 0.0
16.94 0.0 0.0
15.07 0.0 0.0
13.22 0.0 0.0
11.36 0.0 0.0
9.498 0.0 0.0
7.645 0.0 0.0
5.784 0.0 0.0
3.926 0.0 0.0
2.076 0.0 0.0
0.219 0.0 0.0
-1.643 0.0 0.0
-3.5 0.0 0.0
-5.361 0.0 0.0
-7.205 0.0 0.0
-9.065 0.0 0.0
-10.91 0.0 0.0
-12.78 0.0 0.0
-14.64 0.0 0.0
-17.41 0.0 0.0
-20.2 0.0 0.0
-22.99 0.0 0.0
-25.76 0.0 0.0
-28.56 0.0 0.0
-31.35 0.0 0.0
-34.13 0.0 0.0
-36.91 0.0 0.0
-40.62 0.0 0.0
-45.28 0.0 0.0
-49.91 0.0 0.0
-54.54 0.0 0.0
-59.2 0.0 0.0
