1369.0 0.7400190222508886 0.11040066787648879
1316.0 1.1227336861471862 0.16749643599845002
1264.0 1.543779703367957 0.23031071524024674
1212.0 2.1940274971644538 0.32731874957697543
1161.0 3.064195349295515 0.4571358342077395
1109.0 4.193148892670958 0.6255601874237867
1058.0 5.985222839595523 0.8929129914405617
1008.0 8.166664407158892 1.2183540932922396
958.0 11.117105558648028 1.658519364536098
908.4 15.018236391730397 2.2405144707373554
859.6 21.01113497116811 3.134572577073
811.9 25.929407821010745 3.8683112933695956
765.0 37.22493255403167 5.553448346668378
719.2 43.59218363156811 6.503354700912061
675.2 56.14067008274048 8.375416422831988
633.1 80.17891096527413 11.961591599701835
593.0 123.3192896352915 18.39754320960497
555.6 99.96550166978342 14.913479001369135
520.2 134.19789704842984 20.02048192856322
487.5 191.4136639675661 28.556288024094396
457.7 345.60862660447646 51.56005731441103
431.7 207.87377804904338 31.01191083010141
408.6 261.96311335306683 39.081296295891526
388.3 342.6942294902621 51.12526931816748
370.9 459.2234536549474 68.50982807691348
356.6 612.7060108504595 91.40731626611736
344.2 890.3566723634359 132.82897915006052
332.8 717.8225466600957 107.08925876936328
322.5 671.0859653163617 100.11680314394184
313.2 797.6413773867322 118.99713134612188
304.0 1056.1267184892472 157.5595918180161
294.8 654.3799660398766 97.6244976460937
286.7 717.9826821652845 107.11314878596015
278.6 826.7667381784867 123.34223490004548
270.6 849.8828329637528 126.79083855245857
262.6 689.4530601882485 102.85692127582368
254.7 718.9379401906316 107.25566015502189
246.9 1047.718910062597 156.3052623511107
239.1 586.5426554282833 87.50410320584697
231.3 797.0830845767392 118.91384173161117
223.6 502.44418215714614 74.95776677751276
216.0 698.9315624483374 104.27098354789845
208.3 435.23613900683915 64.93125039432952
200.7 523.634365160137 78.11905086023744
193.1 404.23169602333064 60.30581360203396
185.5 351.6450266778811 52.460605245796
178.0 383.7301609136102 57.24726632074653
170.5 308.02742181049854 45.95345804587003
163.0 248.11861899995682 37.01588800632267
155.5 227.50379341840625 33.940439343613946
148.1 274.5641727693677 40.96120118168687
140.6 194.22491548846028 28.975688115367035
133.1 182.45877455214114 27.220341592317617
125.7 148.49499843492325 22.153412967235383
118.2 121.65779776674088 18.14967145706351
110.8 93.4081280240335 13.935208972844057
104.3 63.992366182231535 9.546781573298556
97.75 17.39258668339542 2.5947349030381957
91.25 0.0 0.0
84.75 0.0 0.0
78.24 0.0 0.0
71.73 0.0 0.0
66.16 0.0 0.0
60.59 0.0 0.0
55.02 0.0 0.0
49.45 0.0 0.0
44.8 0.0 0.0
41.1 0.0 0.0
39.24 0.0 0.0
37.37 0.0 0.0
35.52 0.0 0.0
33.67 0.0 0.0
31.8 0.0 0.0
29.95 0.0 0.0
28.09 0.0 0.0
26.22 0.0 0.0
24.37 0.0 0.0
22.52 0.0 0.0
20.65 0.0 0.0
18.79 0.0 0.0
16.94 0.0 0.0
15.07 0.0 0.0
13.22 0.0 0.0
11.36 0.0 0.0
9.498 0.0 0.0
7.645 0.0 0.0
5.784 0.0 0.0
3.926 0.0 0.0
2.076 0.0 0.0
0.219 0.0 0.0
-1.643 0.0 0.0
-3.5 0.0 0.0
-5.361 0.0 0.0
-7.205 0.0 0.0
-9.065 0.0 0.0
-10.91 0.0 0.0
-12.78 0.0 0.0
-14.64 0.0 0.0
-17.41 0.0 0.0
-20.2 0.0 0.0
-22.99 0.0 0.0
-25.76 0.0 0.0
-28.56 0.0 0.0
-31.35 0.0 0.0
-34.13 0.0 0.0
-36.91 0.0 0.0
-40.62 0.0 0.0
-45.28 0.0 0.0
-49.91 0.0 0.0
-54.54 0.0 0.0
-59.2 0.0 0.0
