1369.0 0.0006189366291682677 9.233683889038349e-05
1316.0 0.0009346721069302926 0.00013944023295072176
1264.0 0.0012782187216929131 0.00019069266643700778
1212.0 0.001807385385963834 0.000269637060292977
1161.0 0.002516746383980072 0.00037546397229359116
1109.0 0.0034545695460913278 0.0005153742993716719
1058.0 0.004961304604906156 0.0007401584627572474
1008.0 0.006907233004882416 0.0010304642367139228
958.0 0.009627951760913417 0.0014363580836805729
908.4 0.013559536807625472 0.002022896540016458
859.6 0.019155983152430122 0.002857809421474656
811.9 0.02703357060565339 0.0040330372060875305
765.0 0.03843302685002621 0.005733679412526513
719.2 0.054737154132795174 0.008166031131926947
675.2 0.07832867229816669 0.01168556141880425
633.1 0.11253419618427865 0.016788555488612997
593.0 0.16384628797942888 0.02444361439114445
555.6 0.23705428201050996 0.03536524098710139
520.2 0.3490210157354069 0.05206913887553538
487.5 0.5228967838973436 0.07800901387256934
457.7 0.7991318304571307 0.11921948646060267
431.7 1.1876061542527026 0.17717451668326933
408.6 1.8088974592303766 0.2698626408435914
388.3 2.7927577494087905 0.4166410747309678
370.9 4.393186149597863 0.6554029970014895
356.6 6.946477455671117 1.0363189694265227
344.2 10.972747384406157 1.6369831088851858
332.8 16.397499048803315 2.446281503664147
322.5 23.645993924403037 3.5276573214525326
313.2 33.98248098781986 5.06971913471092
304.0 49.36081397760791 7.363955068992137
294.8 66.01074102584181 9.847895360998098
286.7 89.8571752377588 13.405455618652985
278.6 124.48030368042912 18.57075054906944
270.6 167.81653078383064 25.03592005364562
262.6 215.30558279073412 32.12063396064297
254.7 292.0671698226839 43.57240779452336
246.9 435.5191697508997 64.97347469158991
239.1 467.52683097837894 69.74857785843807
231.3 677.0303452670935 101.00362293767668
223.6 712.8931037101362 106.35385362764237
216.0 1036.685447258744 154.65922133606938
208.3 986.4564992542605 147.16575260122332
200.7 1311.77924050184 195.6994346137464
193.1 1318.8400080365186 196.75280409224732
185.5 1385.229107921048 206.65714539509298
178.0 1671.0114752331567 249.29194702845467
170.5 1597.1550447408245 238.27358262408316
163.0 1496.0976682923151 223.19721091160216
155.5 1540.4013359819146 229.80670925589138
148.1 1950.8933657207654 291.0464786111449
140.6 1620.7614988697737 241.79534115145805
133.1 1686.1060106198188 251.543844260642
125.7 1541.539995319872 229.97658158027022
118.2 1403.8247567540393 209.43136063690457
110.8 1190.6777419712644 177.63275535737665
104.3 889.0343674967057 132.63170943666944
97.75 264.15594392455245 39.408436480606824
91.25 0.0 0.0
84.75 0.0 0.0
78.24 0.0 0.0
71.73 0.0 0.0
66.16 0.0 0.0
60.59 0.0 0.0
55.02 0.0 0.0
49.45 0.0 0.0
44.8 0.0 0.0
41.1 0.0 0.0
39.24 0.0 0.0
37.37 0.0 0.0
35.52 0.0 0.0
33.67 0.0 0.0
31.8 0.0 0.0
29.95 0.0 0.0
28.09 0.0 0.0
26.22 0.0 0.0
24.37 0.0 0.0
22.52 0.0 0.0
20.65 0.0 0.0
18.79 0.0 0.0
16.94 0.0 0.0
15.07 0.0 0.0
13.22 0.0 0.0
11.36 0.0 0.0
9.498 0.0 0.0
7.645 0.0 0.0
5.784 0.0 0.0
3.926 0.0 0.0
2.076 0.0 0.0
0.219 0.0 0.0
-1.643 0.0 0.0
-3.5 0.0 0.0
-5.361 0.0 0.0
-7.205 0.0 0.0
-9.065 0.0 0.0
-10.91 0.0 0.0
-12.78 0.0 0.0
-14.64 0.0 0.0
-17.41 0.0 0.0
-20.2 0.0 0.0
-22.99 0.0 0.0
-25.76 0.0 0.0
-28.56 0.0 0.0
-31.35 0.0 0.0
-34.13 0.0 0.0
-36.91 0.0 0.0
-40.62 0.0 0.0
-45.28 0.0 0.0
-49.91 0.0 0.0
-54.54 0.0 0.0
-59.2 0.0 0.0
