1369.0 0.0015796512085191124 0.00023566225081885492
1316.0 0.0023856579258072622 0.0003559073759115716
1264.0 0.003262861152488607 0.00048677404173654617
1212.0 0.00461421856491787 0.0006883779956703875
1161.0 0.006426115813169484 0.0009586881638091906
1109.0 0.008821918114826615 0.0013161089411811856
1058.0 0.012671728456499755 0.001890447735372929
1008.0 0.017643681095943938 0.0026321947385449813
958.0 0.02459699783647709 0.003669534035279131
908.4 0.03464276874540023 0.005168224993662783
859.6 0.04896865916557455 0.007305450960506148
811.9 0.06904224791553887 0.010300154526278402
765.0 0.09828012731140828 0.014662044309568143
719.2 0.13972240952274886 0.020844663265147886
675.2 0.1999139801335287 0.029824418374351028
633.1 0.28782408453989194 0.04293939778398026
593.0 0.4210876464421405 0.06282048974950558
555.6 0.6024685487333273 0.08988002761392315
520.2 0.887882806198017 0.132459912317064
487.5 1.3345837467595734 0.199101553540081
457.7 2.0727057741652506 0.3092192158564795
431.7 2.9849964978027317 0.4453204540121615
408.6 4.537492955716513 0.6769315892343803
388.3 6.999569174654467 1.044239524247728
370.9 11.010377449292152 1.6425969974079613
356.6 17.408654801253675 2.5971320453949875
344.2 27.749413410215197 4.139831114543858
332.8 39.92005705613205 5.955523882696011
322.5 56.30300026034584 8.399633854391558
313.2 80.44968596125632 12.00198750778236
304.0 117.88972434928888 17.58752668863713
294.8 145.4996548203502 21.706548865603782
286.7 194.59913851453777 29.031517047828867
278.6 265.8898062900452 39.66710491668848
270.6 347.1783784393086 51.79424271472505
262.6 414.5148976403606 61.83992595900496
254.7 540.8273204644508 80.68400350509438
246.9 820.40991626379 122.39388443356724
239.1 754.3131299725981 112.5331523015178
231.3 1088.7407111343073 162.42515129942197
223.6 991.9789795013984 147.9896307574419
216.0 1437.1018038757768 214.39583873372797
208.3 1189.9862866935173 177.52959973275796
200.7 1533.768636669779 228.81720167315868
193.1 1402.2610001608627 209.19806964425166
185.5 1370.402580216581 204.44523122580097
178.0 1591.075168732595 237.36654868072165
170.5 1415.856382711031 211.22631387641965
163.0 1244.7899049947866 185.70554640518966
155.5 1220.3599868704443 182.06093836674802
148.1 1515.6291817376427 226.11104429178212
140.6 1176.4436091367315 175.50921836126642
133.1 1172.9579860399635 174.98921129890954
125.7 1021.4723314722396 152.3896335379019
118.2 889.9740995523695 132.77190454443124
110.8 723.9600617085937 108.00489166538695
104.3 521.2845928839246 77.76849713006106
97.75 149.11392654170257 22.24574853470246
91.25 0.0 0.0
84.75 0.0 0.0
78.24 0.0 0.0
71.73 0.0 0.0
66.16 0.0 0.0
60.59 0.0 0.0
55.02 0.0 0.0
49.45 0.0 0.0
44.8 0.0 0.0
41.1 0.0 0.0
39.24 0.0 0.0
37.37 0.0 0.0
35.52 0.0 0.0
33.67 0.0 0.0
31.8 0.0 0.0
29.95 0.0 0.0
28.09 0.0 0.0
26.22 0.0 0.0
24.37 0.0 0.0
22.52 0.0 0.0
20.65 0.0 0.0
18.79 0.0 0.0
16.94 0.0 0.0
15.07 0.0 0.0
13.22 0.0 0.0
11.36 0.0 0.0
9.498 0.0 0.0
7.645 0.0 0.0
5.784 0.0 0.0
3.926 0.0 0.0
2.076 0.0 0.0
0.219 0.0 0.0
-1.643 0.0 0.0
-3.5 0.0 0.0
-5.361 0.0 0.0
-7.205 0.0 0.0
-9.065 0.0 0.0
-10.91 0.0 0.0
-12.78 0.0 0.0
-14.64 0.0 0.0
-17.41 0.0 0.0
-20.2 0.0 0.0
-22.99 0.0 0.0
-25.76 0.0 0.0
-28.56 0.0 0.0
-31.35 0.0 0.0
-34.13 0.0 0.0
-36.91 0.0 0.0
-40.62 0.0 0.0
-45.28 0.0 0.0
-49.91 0.0 0.0
-54.54 0.0 0.0
-59.2 0.0 0.0
