1369.0 0.0006612057821462931 9.864281560048675e-05
1316.0 0.0009984499860300625 0.00014895501599905995
1264.0 0.00136534157369332 0.0002036901986070504
1212.0 0.0019304085314423547 0.0002879904228643657
1161.0 0.0026877840114474354 0.0004009804357041834
1109.0 0.003688972667429975 0.0005503440236220125
1058.0 0.0052973106907809086 0.0007902859529646019
1008.0 0.007374407767276781 0.0011001602907781815
958.0 0.010277942610786127 0.0015333277855151092
908.4 0.014474137465934782 0.0021593423886792397
859.6 0.020439526097449444 0.0030492963888599984
811.9 0.028861768417658227 0.004305779194316101
765.0 0.0409942519878089 0.00611577900360621
719.2 0.058452073472885197 0.00872024604251904
675.2 0.08364461264439786 0.0124786266603306
633.1 0.11997861134158315 0.017899159919856435
593.0 0.17405862137138037 0.025967154182891285
555.6 0.2537776215564316 0.03786013341483834
520.2 0.3732977118083855 0.05569088828967776
487.5 0.557749826941263 0.08320860890172548
457.7 0.8416814450689176 0.12556730419201753
431.7 1.2802545031248138 0.19099637704845773
408.6 1.952187766885978 0.2912395854757561
388.3 3.014498292660853 0.4497217163553714
370.9 4.739394199999032 0.7070524801083546
356.6 7.489007536367106 1.1172570013567562
344.2 11.72540241585103 1.7492688956739784
332.8 18.11703148962723 2.702812111924496
322.5 26.67188615609445 3.979078856921866
313.2 38.60752714779856 5.759712458758373
304.0 55.76132271259062 8.318823008659539
294.8 82.04482328662192 12.23996007440562
286.7 117.86781704916127 17.58425842053491
278.6 163.8791728178689 24.44852035709617
270.6 227.95387819212203 34.007585806238815
262.6 283.2128285547404 42.25146176449562
254.7 364.14712466558325 54.32574644649298
246.9 465.04024944921053 69.37761406792019
239.1 610.7750753189368 91.11924722208369
231.3 678.1685416445871 101.17342619471687
223.6 893.6868716781029 133.32579912015095
216.0 944.5057483082644 140.90727709843003
208.3 1009.4569331891025 150.5971012443055
200.7 1078.1697982876433 160.84811638106794
193.1 1114.6068039084396 166.28401685794984
185.5 1148.59617669271 171.35476415397574
178.0 1522.3026043404213 227.10662722980967
170.5 837.1154928306742 124.88612686895229
163.0 457.8559354255052 68.30581315118296
155.5 0.0 0.0
148.1 0.0 0.0
140.6 0.0 0.0
133.1 0.0 0.0
125.7 0.0 0.0
118.2 0.0 0.0
110.8 0.0 0.0
104.3 0.0 0.0
97.75 0.0 0.0
91.25 0.0 0.0
84.75 0.0 0.0
78.24 0.0 0.0
71.73 0.0 0.0
66.16 0.0 0.0
60.59 0.0 0.0
55.02 0.0 0.0
49.45 0.0 0.0
44.8 0.0 0.0
41.1 0.0 0.0
39.24 0.0 0.0
37.37 0.0 0.0
35.52 0.0 0.0
33.67 0.0 0.0
31.8 0.0 0.0
29.95 0.0 0.0
28.09 0.0 0.0
26.22 0.0 0.0
24.37 0.0 0.0
22.52 0.0 0.0
20.65 0.0 0.0
18.79 0.0 0.0
16.94 0.0 0.0
15.07 0.0 0.0
13.22 0.0 0.0
11.36 0.0 0.0
9.498 0.0 0.0
7.645 0.0 0.0
5.784 0.0 0.0
3.926 0.0 0.0
2.076 0.0 0.0
0.219 0.0 0.0
-1.643 0.0 0.0
-3.5 0.0 0.0
-5.361 0.0 0.0
-7.205 0.0 0.0
-9.065 0.0 0.0
-10.91 0.0 0.0
-12.78 0.0 0.0
-14.64 0.0 0.0
-17.41 0.0 0.0
-20.2 0.0 0.0
-22.99 0.0 0.0
-25.76 0.0 0.0
-28.56 0.0 0.0
-31.35 0.0 0.0
-34.13 0.0 0.0
-36.91 0.0 0.0
-40.62 0.0 0.0
-45.28 0.0 0.0
-49.91 0.0 0.0
-54.54 0.0 0.0
-59.2 0.0 0.0
