1369.0 0.012495116137413012 0.001864099604586932
1316.0 0.01888005722884442 0.002816645065786012
1264.0 0.025838931445640884 0.0038548134616010355
1212.0 0.03656847313717079 0.005455513623538137
1161.0 0.05097083900215277 0.007604148675728034
1109.0 0.07002544162846583 0.010446833516000778
1058.0 0.10066676466085882 0.015018097802026857
1008.0 0.14020305591427368 0.020916369101134858
958.0 0.19553619185595023 0.029171312528238503
908.4 0.2752584432447374 0.04106477679510097
859.6 0.39017784704903347 0.058209172480190335
811.9 0.5459274210686522 0.0814448684234427
765.0 0.7822690370823515 0.11670378943814466
719.2 1.096661970618839 0.16360689435091175
675.2 1.5631663342447382 0.2332029341323524
633.1 2.2721029409676627 0.33896653278450656
593.0 3.4036015801720043 0.5077705793204165
555.6 4.53041640574691 0.6758758652334901
520.2 6.670811112725445 0.9951933396018972
487.5 10.124547240827734 1.5104433044634502
457.7 16.841569133505836 2.5125306573494237
431.7 20.41886534362503 3.046214088334656
408.6 30.353436712784024 4.528315603625103
388.3 45.96245786821143 6.856967041821776
370.9 71.03121072276058 10.596880442364823
356.6 109.96851271056381 16.40579077508411
344.2 176.71985406343603 26.36417352664281
332.8 214.19438012424737 31.95485779430453
322.5 269.8308035037903 40.25504753899222
313.2 367.9742027060183 54.896693893754986
304.0 533.941731255708 79.65676822530904
294.8 499.8613058885838 74.57243713527696
286.7 620.0056004360404 92.49631471242915
278.6 793.2025751830364 118.33492306076039
270.6 930.5971309687353 138.83230254054368
262.6 916.8877867164508 136.7870567886206
254.7 1070.5819185212958 159.7161090018208
246.9 1611.576844542195 240.4251169524974
239.1 1106.7308645816279 165.109034951147
231.3 1550.6175056730528 231.3308213707538
223.6 1121.2227596430143 167.2710265290211
216.0 1588.7846706395035 237.02483784404888
208.3 1089.7846605851464 162.58089421026142
200.7 1342.5875000256462 200.2956035300467
193.1 1093.8694262192894 163.19028510504768
185.5 986.0409612053938 147.1037600351627
178.0 1096.5679767943502 163.59287176407577
170.5 907.074906601731 135.3231099360629
163.0 749.1594049809252 111.7642873615304
155.5 700.110217364544 104.44682266288405
148.1 852.0349456949543 127.11190419499769
140.6 618.8540281330656 92.32451595113547
133.1 591.3960414321873 88.22816169648362
125.7 490.74624838045196 73.21259582529346
118.2 409.2169529272082 61.04954541861604
110.8 319.4375625096478 47.65569422612286
104.3 221.97466059685846 33.11556871472119
97.75 61.21201588849722 9.13199152043584
91.25 0.0 0.0
84.75 0.0 0.0
78.24 0.0 0.0
71.73 0.0 0.0
66.16 0.0 0.0
60.59 0.0 0.0
55.02 0.0 0.0
49.45 0.0 0.0
44.8 0.0 0.0
41.1 0.0 0.0
39.24 0.0 0.0
37.37 0.0 0.0
35.52 0.0 0.0
33.67 0.0 0.0
31.8 0.0 0.0
29.95 0.0 0.0
28.09 0.0 0.0
26.22 0.0 0.0
24.37 0.0 0.0
22.52 0.0 0.0
20.65 0.0 0.0
18.79 0.0 0.0
16.94 0.0 0.0
15.07 0.0 0.0
13.22 0.0 0.0
11.36 0.0 0.0
9.498 0.0 0.0
7.645 0.0 0.0
5.784 0.0 0.0
3.926 0.0 0.0
2.076 0.0 0.0
0.219 0.0 0.0
-1.643 0.0 0.0
-3.5 0.0 0.0
-5.361 0.0 0.0
-7.205 0.0 0.0
-9.065 0.0 0.0
-10.91 0.0 0.0
-12.78 0.0 0.0
-14.64 0.0 0.0
-17.41 0.0 0.0
-20.2 0.0 0.0
-22.99 0.0 0.0
-25.76 0.0 0.0
-28.56 0.0 0.0
-31.35 0.0 0.0
-34.13 0.0 0.0
-36.91 0.0 0.0
-40.62 0.0 0.0
-45.28 0.0 0.0
-49.91 0.0 0.0
-54.54 0.0 0.0
-59.2 0.0 0.0
