1369.0 0.12203483771366763 0.01820592063540249
1316.0 0.18427790888686135 0.027491731434296677
1264.0 0.25199269970465304 0.03759384760512455
1212.0 0.35628327904565693 0.05315256875455098
1161.0 0.49606658583634267 0.07400631705515055
1109.0 0.6808480563469831 0.10157317296315752
1058.0 0.9776852232733672 0.145857198770439
1008.0 1.3610344853126346 0.20304764021391022
958.0 1.8969065308062614 0.2829923847947858
908.4 2.6713408558201523 0.39852734286647845
859.6 3.7722729315457815 0.5627712782143344
811.9 5.326589560075405 0.7946539578774338
765.0 7.565557504782243 1.1286772046013291
719.2 10.78713966817966 1.6092929884716491
675.2 15.435775964682545 2.3028056366841048
633.1 22.139739565504616 3.30294487188812
593.0 32.116947762154666 4.791407215872983
555.6 46.82214781340767 6.985220966738033
520.2 68.86472033288139 10.27366985074632
487.5 102.873468657271 15.347307711075691
457.7 155.20478435712343 23.154420812771576
431.7 236.00022994138516 35.20799090445619
408.6 359.70358816466467 53.662831869050336
388.3 555.1066430629909 82.81428219294166
370.9 872.0269413547294 130.0944351930654
356.6 1376.464435587985 205.34957673780966
344.2 2151.8571845462234 321.0275184901689
332.8 3317.3957068901386 494.90984777294113
322.5 4868.045931290134 726.2455503280939
313.2 7017.287286305018 1046.8828230021047
304.0 10066.643097075344 1501.8048020049112
294.8 14645.095120671693 2184.8469212575305
286.7 20575.49006210935 3069.58034380474
278.6 28151.040400939593 4199.7483419123255
270.6 38604.406511406836 5759.246902696317
262.6 51381.057640751234 7665.347658882417
254.7 74085.37588957223 11052.519911192963
246.9 97759.82916053856 14584.422976029711
239.1 133823.65702339163 19964.65046009007
231.3 178599.64696662442 26644.61279339333
223.6 230142.46870436743 34334.09343238754
216.0 291946.49901796435 43554.40536886448
208.3 375380.79868815286 56001.65622382027
200.7 428573.9512217458 63937.343536698056
193.1 490345.7625949707 73152.84885006344
185.5 472217.44258745224 70448.35264641013
178.0 609509.8419066839 90930.49178535517
170.5 475111.415433711 70880.0936225699
163.0 392238.2439210197 58516.55537700564
155.5 213636.38415616768 31871.612464527727
148.1 123636.70840325432 18444.897727429438
140.6 15909.203890171568 2373.434576743498
133.1 6088.936901491527 908.3857041103997
125.7 1430.5076993314985 213.41208895994325
118.2 587.1943386886783 87.60132539207225
110.8 150.39351702749553 22.43664584949074
104.3 48.401279043584424 7.220805643934384
97.75 2.4556034892218404 0.3663422926958442
91.25 0.0 0.0
84.75 0.0 0.0
78.24 0.0 0.0
71.73 0.0 0.0
66.16 0.0 0.0
60.59 0.0 0.0
55.02 0.0 0.0
49.45 0.0 0.0
44.8 0.0 0.0
41.1 0.0 0.0
39.24 0.0 0.0
37.37 0.0 0.0
35.52 0.0 0.0
33.67 0.0 0.0
31.8 0.0 0.0
29.95 0.0 0.0
28.09 0.0 0.0
26.22 0.0 0.0
24.37 0.0 0.0
22.52 0.0 0.0
20.65 0.0 0.0
18.79 0.0 0.0
16.94 0.0 0.0
15.07 0.0 0.0
13.22 0.0 0.0
11.36 0.0 0.0
9.498 0.0 0.0
7.645 0.0 0.0
5.784 0.0 0.0
3.926 0.0 0.0
2.076 0.0 0.0
0.219 0.0 0.0
-1.643 0.0 0.0
-3.5 0.0 0.0
-5.361 0.0 0.0
-7.205 0.0 0.0
-9.065 0.0 0.0
-10.91 0.0 0.0
-12.78 0.0 0.0
-14.64 0.0 0.0
-17.41 0.0 0.0
-20.2 0.0 0.0
-22.99 0.0 0.0
-25.76 0.0 0.0
-28.56 0.0 0.0
-31.35 0.0 0.0
-34.13 0.0 0.0
-36.91 0.0 0.0
-40.62 0.0 0.0
-45.28 0.0 0.0
-49.91 0.0 0.0
-54.54 0.0 0.0
-59.2 0.0 0.0
