1369.0 1.2203483771366768 0.182059206354025
1316.0 1.8427790888686142 0.27491731434296685
1264.0 2.519926997046532 0.37593847605124575
1212.0 3.5628327904565693 0.5315256875455098
1161.0 4.9606658583634236 0.7400631705515052
1109.0 6.808480563469831 1.015731729631575
1058.0 9.77685223273367 1.45857198770439
1008.0 13.610344853126339 2.0304764021391013
958.0 18.969065308062607 2.8299238479478572
908.4 26.713408558201536 3.9852734286647857
859.6 37.72272931545783 5.627712782143346
811.9 53.26589560075406 7.946539578774338
765.0 75.65557504782247 11.286772046013297
719.2 107.87139668179668 16.0929298847165
675.2 154.35775964682543 23.028056366841042
633.1 221.39739565504613 33.029448718881206
593.0 321.1694776215466 47.91407215872982
555.6 468.22147813407634 69.85220966738028
520.2 688.647203328814 102.7366985074632
487.5 1028.7346865727097 153.4730771107569
457.7 1552.0478435712346 231.5442081277158
431.7 2360.0022994138503 352.0799090445617
408.6 3597.0358816466455 536.6283186905032
388.3 5551.066430629914 828.1428219294174
370.9 8720.269413547298 1300.9443519306546
356.6 13764.644355879847 2053.4957673780964
344.2 21518.571845462233 3210.275184901689
332.8 33173.95706890137 4949.098477729409
322.5 48680.45931290133 7262.455503280939
313.2 70172.87286305017 10468.828230021045
304.0 100666.43097075353 15018.048020049124
294.8 146450.95120671697 21848.469212575314
286.7 205754.9006210934 30695.803438047384
278.6 281510.40400939586 41997.483419123244
270.6 386044.0651140684 57592.46902696318
262.6 513810.5764075125 76653.47658882418
254.7 740853.7588957222 110525.19911192961
246.9 977598.2916053849 145844.22976029702
239.1 1338236.5702339164 199646.50460090072
231.3 1785996.4696662445 266446.12793393334
223.6 2301424.6870436748 343340.93432387547
216.0 2919464.9901796435 435544.0536886448
208.3 3753807.986881529 560016.5622382028
200.7 4285739.512217458 639373.4353669806
193.1 4903457.625949709 731528.4885006346
185.5 4722174.425874519 704483.5264641009
178.0 6095098.419066838 909304.9178535518
170.5 4751114.15433711 708800.936225699
163.0 3922382.4392101956 585165.5537700563
155.5 2136363.8415616765 318716.12464527716
148.1 1236367.0840325432 184448.9772742944
140.6 159092.03890171577 23734.34576743499
133.1 60889.36901491527 9083.857041103993
125.7 14305.076993314984 2134.1208895994323
118.2 5871.94338688678 876.013253920722
110.8 1503.9351702749557 224.36645849490745
104.3 484.01279043584424 72.20805643934385
97.75 24.556034892218403 3.6634229269584413
91.25 0.0 0.0
84.75 0.0 0.0
78.24 0.0 0.0
71.73 0.0 0.0
66.16 0.0 0.0
60.59 0.0 0.0
55.02 0.0 0.0
49.45 0.0 0.0
44.8 0.0 0.0
41.1 0.0 0.0
39.24 0.0 0.0
37.37 0.0 0.0
35.52 0.0 0.0
33.67 0.0 0.0
31.8 0.0 0.0
29.95 0.0 0.0
28.09 0.0 0.0
26.22 0.0 0.0
24.37 0.0 0.0
22.52 0.0 0.0
20.65 0.0 0.0
18.79 0.0 0.0
16.94 0.0 0.0
15.07 0.0 0.0
13.22 0.0 0.0
11.36 0.0 0.0
9.498 0.0 0.0
7.645 0.0 0.0
5.784 0.0 0.0
3.926 0.0 0.0
2.076 0.0 0.0
0.219 0.0 0.0
-1.643 0.0 0.0
-3.5 0.0 0.0
-5.361 0.0 0.0
-7.205 0.0 0.0
-9.065 0.0 0.0
-10.91 0.0 0.0
-12.78 0.0 0.0
-14.64 0.0 0.0
-17.41 0.0 0.0
-20.2 0.0 0.0
-22.99 0.0 0.0
-25.76 0.0 0.0
-28.56 0.0 0.0
-31.35 0.0 0.0
-34.13 0.0 0.0
-36.91 0.0 0.0
-40.62 0.0 0.0
-45.28 0.0 0.0
-49.91 0.0 0.0
-54.54 0.0 0.0
-59.2 0.0 0.0
