1369.0 11.787148050475903 1.7584804957762423
1316.0 17.799105963683683 2.655381992773786
1264.0 24.33956858704383 3.6311291291701906
1212.0 34.41282790551276 5.133920980478847
1161.0 47.914273083738024 7.1481510477547685
1109.0 65.76201940966627 9.810789514100302
1058.0 94.43304720915778 14.088112829575978
1008.0 131.46014320495908 19.612046680667493
958.0 183.21917775515405 27.333783299819547
908.4 258.02057646178963 38.49312397486011
859.6 364.3579022213509 54.357191561051444
811.9 514.4869810817349 76.75438687024074
765.0 730.7455684888664 109.01719602229923
719.2 1041.9135627216967 155.43918431200717
675.2 1490.9189743011555 222.4246209400458
633.1 2138.4462448705794 319.0267906000412
593.0 3102.133211990951 462.7956419335505
555.6 4522.4938081689215 674.6939225568462
520.2 6651.568801468841 992.3226512137059
487.5 9936.457205110319 1482.382856096928
457.7 14991.134033332331 2236.471171338006
431.7 22795.198088288736 3400.730275377614
408.6 34743.83846891875 5183.303207388421
388.3 53618.194156432524 7999.09768156543
370.9 84230.46316234785 12566.027506136883
356.6 132956.21773647267 19835.24043988968
344.2 207856.09738845393 31009.273118530647
332.8 320445.38053232915 47806.046824443314
322.5 470241.0427424786 70153.5009516356
313.2 677878.0706459879 101130.09191373235
304.0 972500.5647670234 145083.71897518882
294.8 1414643.6748369802 211045.39452812087
286.7 1985784.5503691896 296251.76384350477
278.6 2756011.578927113 411159.0511057628
270.6 3806839.5297999396 567928.1396175316
262.6 5032799.710276749 750824.5499056632
254.7 6910691.796533138 1030980.2408932799
246.9 9402341.64652761 1402700.1552233777
239.1 12978797.414927514 1936258.2038544663
231.3 16843275.674567025 2512785.249822386
223.6 23683174.998550467 3533204.226727692
216.0 28876044.76297051 4307909.028833756
208.3 34937859.792093776 5212248.522328636
200.7 41004682.24555043 6117335.054715931
193.1 44672178.42023839 6664475.080776974
185.5 47375701.71712806 7067803.601560695
178.0 64234935.44635387 9582969.573823135
170.5 36198636.13442014 5400339.025478592
163.0 22300176.148356266 3326879.8051345237
155.5 0.0 0.0
148.1 0.0 0.0
140.6 0.0 0.0
133.1 0.0 0.0
125.7 0.0 0.0
118.2 0.0 0.0
110.8 0.0 0.0
104.3 0.0 0.0
97.75 0.0 0.0
91.25 0.0 0.0
84.75 0.0 0.0
78.24 0.0 0.0
71.73 0.0 0.0
66.16 0.0 0.0
60.59 0.0 0.0
55.02 0.0 0.0
49.45 0.0 0.0
44.8 0.0 0.0
41.1 0.0 0.0
39.24 0.0 0.0
37.37 0.0 0.0
35.52 0.0 0.0
33.67 0.0 0.0
31.8 0.0 0.0
29.95 0.0 0.0
28.09 0.0 0.0
26.22 0.0 0.0
24.37 0.0 0.0
22.52 0.0 0.0
20.65 0.0 0.0
18.79 0.0 0.0
16.94 0.0 0.0
15.07 0.0 0.0
13.22 0.0 0.0
11.36 0.0 0.0
9.498 0.0 0.0
7.645 0.0 0.0
5.784 0.0 0.0
3.926 0.0 0.0
2.076 0.0 0.0
0.219 0.0 0.0
-1.643 0.0 0.0
-3.5 0.0 0.0
-5.361 0.0 0.0
-7.205 0.0 0.0
-9.065 0.0 0.0
-10.91 0.0 0.0
-12.78 0.0 0.0
-14.64 0.0 0.0
-17.41 0.0 0.0
-20.2 0.0 0.0
-22.99 0.0 0.0
-25.76 0.0 0.0
-28.56 0.0 0.0
-31.35 0.0 0.0
-34.13 0.0 0.0
-36.91 0.0 0.0
-40.62 0.0 0.0
-45.28 0.0 0.0
-49.91 0.0 0.0
-54.54 0.0 0.0
-59.2 0.0 0.0
