1369.0 0.0037952802722484545 0.0005662036572522559
1316.0 0.0057310356065404635 0.0008549917496195085
1264.0 0.007836957998564691 0.0011691664283573
1212.0 0.011080379321332528 0.0016530403146653408
1161.0 0.015427609663520131 0.002301587336781936
1109.0 0.021174255183556444 0.0031589078709645686
1058.0 0.0304057691859861 0.004536122889410223
1008.0 0.04232770027399843 0.006314711162034124
958.0 0.0589928732288813 0.00880092593378428
908.4 0.08307688962271094 0.012393930187836622
859.6 0.11731412405217494 0.017501655034908553
811.9 0.16564993558276914 0.024712693825639155
765.0 0.23527501263876904 0.03509979844972594
719.2 0.3354526220132055 0.05004492100558672
675.2 0.4799982728337293 0.0716091455855021
633.1 0.6884381535829085 0.10270551115839051
593.0 0.9986214686820327 0.1489805988540103
555.6 1.4557369441878023 0.21717594556147138
520.2 2.140817600726978 0.3193805643037535
487.5 3.197565933489934 0.4770328924284259
457.7 4.823135288214804 0.7195454995980493
431.7 7.331876424727435 1.093815198987366
408.6 11.170724003681618 1.666518499645088
388.3 17.230087123274597 2.570492201935179
370.9 27.048034064823632 4.035194955421247
356.6 42.65490163479882 6.363525108265646
344.2 66.59671176541046 9.935314142217655
332.8 102.46965358929016 15.287064052651786
322.5 149.9464923883221 22.36995591688349
313.2 215.37933016220381 32.13163605493999
304.0 307.1650485714615 45.824803810389824
294.8 442.269293897317 65.98050044580226
286.7 607.9185290006649 90.69308976953862
278.6 844.6991386213931 126.01750259722408
270.6 1166.5510603258808 174.0333860341504
262.6 1619.6684999991658 241.63228074128597
254.7 2273.0019668142822 339.10065508531335
246.9 3148.8323568923656 469.7625125562751
239.1 4371.406592614355 652.1537864207671
231.3 6081.995333207795 907.3501175219583
223.6 8689.445178636117 1296.3457997061114
216.0 11904.93733876647 1776.0530387852323
208.3 16866.229235585826 2516.2096056705795
200.7 24295.027867241566 3624.4842659085516
193.1 35696.415430683715 5325.4145986101385
185.5 58338.07637181656 8703.239241726702
178.0 0.0 0.0
170.5 0.0 0.0
163.0 0.0 0.0
155.5 0.0 0.0
148.1 0.0 0.0
140.6 0.0 0.0
133.1 0.0 0.0
125.7 0.0 0.0
118.2 0.0 0.0
110.8 0.0 0.0
104.3 0.0 0.0
97.75 0.0 0.0
91.25 0.0 0.0
84.75 0.0 0.0
78.24 0.0 0.0
71.73 0.0 0.0
66.16 0.0 0.0
60.59 0.0 0.0
55.02 0.0 0.0
49.45 0.0 0.0
44.8 0.0 0.0
41.1 0.0 0.0
39.24 0.0 0.0
37.37 0.0 0.0
35.52 0.0 0.0
33.67 0.0 0.0
31.8 0.0 0.0
29.95 0.0 0.0
28.09 0.0 0.0
26.22 0.0 0.0
24.37 0.0 0.0
22.52 0.0 0.0
20.65 0.0 0.0
18.79 0.0 0.0
16.94 0.0 0.0
15.07 0.0 0.0
13.22 0.0 0.0
11.36 0.0 0.0
9.498 0.0 0.0
7.645 0.0 0.0
5.784 0.0 0.0
3.926 0.0 0.0
2.076 0.0 0.0
0.219 0.0 0.0
-1.643 0.0 0.0
-3.5 0.0 0.0
-5.361 0.0 0.0
-7.205 0.0 0.0
-9.065 0.0 0.0
-10.91 0.0 0.0
-12.78 0.0 0.0
-14.64 0.0 0.0
-17.41 0.0 0.0
-20.2 0.0 0.0
-22.99 0.0 0.0
-25.76 0.0 0.0
-28.56 0.0 0.0
-31.35 0.0 0.0
-34.13 0.0 0.0
-36.91 0.0 0.0
-40.62 0.0 0.0
-45.28 0.0 0.0
-49.91 0.0 0.0
-54.54 0.0 0.0
-59.2 0.0 0.0
