1369.0 0.0032667836674038324 0.0004873592270539171
1316.0 0.004932982927662682 0.0007359332577435284
1264.0 0.0067456530651570454 0.0010063587303353637
1212.0 0.009537423724720129 0.001422852544827144
1161.0 0.013279295843523033 0.0019810884395852625
1109.0 0.018225711174559806 0.002719025627307747
1058.0 0.026171718980412192 0.003904460788217008
1008.0 0.036433492567805224 0.005435376377656294
958.0 0.05077799085523906 0.0075753783825627885
908.4 0.071508218364126 0.010668043426836159
859.6 0.10097775406883716 0.015064493147701745
811.9 0.1425825005744464 0.02127134954320403
765.0 0.20251170822184505 0.030211963703982304
719.2 0.2887384721973346 0.04307581185584106
675.2 0.41315398745600956 0.06163689686278623
633.1 0.5925644233411578 0.08840246821997381
593.0 0.8595463568732812 0.1282325035118367
555.6 1.2529919303005843 0.18692917585858623
520.2 1.842641431995853 0.27489677782939936
487.5 2.7521679305659807 0.41058563159438227
457.7 4.151232008255029 0.6193067643418442
431.7 6.310334087800885 0.9414151215977812
408.6 9.614009112551734 1.4342780321618769
388.3 14.828318303034983 2.212181301989848
370.9 23.276363311806513 3.472513513967517
356.6 36.704234485812705 5.475767350957591
344.2 57.30019835694676 8.54840210569278
332.8 88.15278344625915 13.15118378719056
322.5 128.97102133026937 19.24070390551035
313.2 185.20332382633123 27.629790625085576
304.0 264.03337251056894 39.390150510166244
294.8 379.968142665161 56.68602490031786
286.7 521.9445431339016 77.86695263751695
278.6 724.5859444887988 108.09826477454953
270.6 999.427896388479 149.10090678489965
262.6 1385.2285097330416 206.65705615366352
254.7 1939.278475625763 289.31369663494655
246.9 2677.386668730485 399.42929506377027
239.1 3698.944177096447 551.831635823611
231.3 5110.720660793087 762.4492848380281
223.6 7228.717298339576 1078.4252750687433
216.0 9892.273373319342 1475.7912356217826
208.3 13732.05191019045 2048.6334224063507
200.7 19240.292178479547 2870.3871694838376
193.1 26276.20248302906 3920.0482908678073
185.5 37021.94990616321 5523.166125241346
178.0 52386.6254072089 7815.364549900061
170.5 77250.47526628569 11524.709239545331
163.0 126212.58622566912 18829.183297681197
155.5 0.0 0.0
148.1 0.0 0.0
140.6 0.0 0.0
133.1 0.0 0.0
125.7 0.0 0.0
118.2 0.0 0.0
110.8 0.0 0.0
104.3 0.0 0.0
97.75 0.0 0.0
91.25 0.0 0.0
84.75 0.0 0.0
78.24 0.0 0.0
71.73 0.0 0.0
66.16 0.0 0.0
60.59 0.0 0.0
55.02 0.0 0.0
49.45 0.0 0.0
44.8 0.0 0.0
41.1 0.0 0.0
39.24 0.0 0.0
37.37 0.0 0.0
35.52 0.0 0.0
33.67 0.0 0.0
31.8 0.0 0.0
29.95 0.0 0.0
28.09 0.0 0.0
26.22 0.0 0.0
24.37 0.0 0.0
22.52 0.0 0.0
20.65 0.0 0.0
18.79 0.0 0.0
16.94 0.0 0.0
15.07 0.0 0.0
13.22 0.0 0.0
11.36 0.0 0.0
9.498 0.0 0.0
7.645 0.0 0.0
5.784 0.0 0.0
3.926 0.0 0.0
2.076 0.0 0.0
0.219 0.0 0.0
-1.643 0.0 0.0
-3.5 0.0 0.0
-5.361 0.0 0.0
-7.205 0.0 0.0
-9.065 0.0 0.0
-10.91 0.0 0.0
-12.78 0.0 0.0
-14.64 0.0 0.0
-17.41 0.0 0.0
-20.2 0.0 0.0
-22.99 0.0 0.0
-25.76 0.0 0.0
-28.56 0.0 0.0
-31.35 0.0 0.0
-34.13 0.0 0.0
-36.91 0.0 0.0
-40.62 0.0 0.0
-45.28 0.0 0.0
-49.91 0.0 0.0
-54.54 0.0 0.0
-59.2 0.0 0.0
