1369.0 0.007318818957038295 0.0010918672042597819
1316.0 0.011051737605894493 0.0016487673643513483
1264.0 0.015112816460096618 0.0022546245171030216
1212.0 0.02136747022182352 0.003187732899277469
1161.0 0.029750751866862837 0.004438403307443371
1109.0 0.04083274705451531 0.006091684687156442
1058.0 0.05863514878884584 0.008747558363616242
1008.0 0.08162607767756036 0.012177488984446164
958.0 0.11376452495050071 0.016972103631855893
908.4 0.16021080705925056 0.023901250601063597
859.6 0.22623916398223617 0.03375177401181642
811.9 0.3194603222623233 0.04765908966842978
765.0 0.45374600185747455 0.0676926675465491
719.2 0.6469697744805749 0.09651899890532988
675.2 0.9257934693106943 0.1381156622389372
633.1 1.32791125327993 0.1981061092144561
593.0 1.9263966625552273 0.28739190716239826
555.6 2.808555131400314 0.4189978270172259
520.2 4.131009901763835 0.6162899039701923
487.5 6.171640578214725 0.9207239560627754
457.7 9.3122290548867 1.3892565949876177
431.7 14.162103734552705 2.1127912443048786
408.6 21.589828625695016 3.2209057172148987
388.3 33.32711630787049 4.971947731282668
370.9 52.37235903725682 7.813236203569054
356.6 82.70338708729581 12.338208742679754
344.2 129.36280179877164 19.299152167086184
332.8 199.5709982231021 29.77325018699082
322.5 293.0864438875852 43.72446947690013
313.2 422.96372761567164 63.10037527720237
304.0 607.2530938839024 90.59381599533805
294.8 882.7627099087199 131.6960643173045
286.7 1227.8048878337863 183.1716152735757
278.6 1733.6727699595501 258.6401510337484
270.6 2412.3625279808607 359.8913355486817
262.6 3448.579375184333 514.4806481965777
254.7 5030.068383973933 750.4170735584983
246.9 7714.894580555954 1150.9562439346585
239.1 16151.017717097127 2409.509876420457
231.3 0.0 0.0
223.6 0.0 0.0
216.0 0.0 0.0
208.3 0.0 0.0
200.7 0.0 0.0
193.1 0.0 0.0
185.5 0.0 0.0
178.0 0.0 0.0
170.5 0.0 0.0
163.0 0.0 0.0
155.5 0.0 0.0
148.1 0.0 0.0
140.6 0.0 0.0
133.1 0.0 0.0
125.7 0.0 0.0
118.2 0.0 0.0
110.8 0.0 0.0
104.3 0.0 0.0
97.75 0.0 0.0
91.25 0.0 0.0
84.75 0.0 0.0
78.24 0.0 0.0
71.73 0.0 0.0
66.16 0.0 0.0
60.59 0.0 0.0
55.02 0.0 0.0
49.45 0.0 0.0
44.8 0.0 0.0
41.1 0.0 0.0
39.24 0.0 0.0
37.37 0.0 0.0
35.52 0.0 0.0
33.67 0.0 0.0
31.8 0.0 0.0
29.95 0.0 0.0
28.09 0.0 0.0
26.22 0.0 0.0
24.37 0.0 0.0
22.52 0.0 0.0
20.65 0.0 0.0
18.79 0.0 0.0
16.94 0.0 0.0
15.07 0.0 0.0
13.22 0.0 0.0
11.36 0.0 0.0
9.498 0.0 0.0
7.645 0.0 0.0
5.784 0.0 0.0
3.926 0.0 0.0
2.076 0.0 0.0
0.219 0.0 0.0
-1.643 0.0 0.0
-3.5 0.0 0.0
-5.361 0.0 0.0
-7.205 0.0 0.0
-9.065 0.0 0.0
-10.91 0.0 0.0
-12.78 0.0 0.0
-14.64 0.0 0.0
-17.41 0.0 0.0
-20.2 0.0 0.0
-22.99 0.0 0.0
-25.76 0.0 0.0
-28.56 0.0 0.0
-31.35 0.0 0.0
-34.13 0.0 0.0
-36.91 0.0 0.0
-40.62 0.0 0.0
-45.28 0.0 0.0
-49.91 0.0 0.0
-54.54 0.0 0.0
-59.2 0.0 0.0
