1369.0 0.004522806511256033 0.0006747405735598963
1316.0 0.006829631692304472 0.001018887187369112
1264.0 0.009339244085950374 0.0013932868663488348
1212.0 0.013204406201903086 0.0019699159342802973
1161.0 0.01838497091288096 0.0027427849915238316
1109.0 0.02523321147812106 0.003764448366989127
1058.0 0.03623435115196697 0.005405667215257278
1008.0 0.05044165430393204 0.0075252015914545976
958.0 0.07030147041108316 0.010488013216843325
908.4 0.0990023228184626 0.01476978595392977
859.6 0.13980279932079948 0.02085665631820245
811.9 0.19740466108153498 0.029450062457914344
765.0 0.28037721911325586 0.04182842780622713
719.2 0.3997598782944199 0.05963867985404997
675.2 0.5720173318596768 0.08533712455411091
633.1 0.8204204965046189 0.12239546286009233
593.0 1.1900776248759475 0.17754322613429593
555.6 1.7348467753117383 0.2588152964976824
520.2 2.5513097505391853 0.38062035157230156
487.5 3.8107483898439467 0.5685112878157785
457.7 5.748176879571488 0.8575489919794714
431.7 8.73833856645971 1.3036400212168644
408.6 13.314127956477728 1.9862849121327528
388.3 20.53726362168439 3.063877484247671
370.9 32.24202939637725 4.810067676674725
356.6 50.85062120883542 7.586213833144524
344.2 79.40274988979677 11.845799034192101
332.8 122.19603802720192 18.22996950677063
322.5 178.85686869446258 26.682986740132296
313.2 256.98870207045115 38.33918249694796
304.0 366.6755356792647 54.70295062122845
294.8 528.3055697983448 78.81593039487059
286.7 726.7799330435242 108.42557771444982
278.6 1011.0231047989482 150.83075252425536
270.6 1398.4919885483316 208.63578491001329
262.6 1946.0914122992938 290.33009315495786
254.7 2739.8901716809137 408.7539587046571
246.9 3813.169596902612 568.872498633753
239.1 5329.896702708797 795.1473381075511
231.3 7383.323530812826 1101.4904001664702
223.6 10696.849533161027 1595.8229412039507
216.0 15267.158142469614 2277.650174961561
208.3 22976.48916996445 3427.7764132406273
200.7 42120.87603705575 6283.855828313017
193.1 0.0 0.0
185.5 0.0 0.0
178.0 0.0 0.0
170.5 0.0 0.0
163.0 0.0 0.0
155.5 0.0 0.0
148.1 0.0 0.0
140.6 0.0 0.0
133.1 0.0 0.0
125.7 0.0 0.0
118.2 0.0 0.0
110.8 0.0 0.0
104.3 0.0 0.0
97.75 0.0 0.0
91.25 0.0 0.0
84.75 0.0 0.0
78.24 0.0 0.0
71.73 0.0 0.0
66.16 0.0 0.0
60.59 0.0 0.0
55.02 0.0 0.0
49.45 0.0 0.0
44.8 0.0 0.0
41.1 0.0 0.0
39.24 0.0 0.0
37.37 0.0 0.0
35.52 0.0 0.0
33.67 0.0 0.0
31.8 0.0 0.0
29.95 0.0 0.0
28.09 0.0 0.0
26.22 0.0 0.0
24.37 0.0 0.0
22.52 0.0 0.0
20.65 0.0 0.0
18.79 0.0 0.0
16.94 0.0 0.0
15.07 0.0 0.0
13.22 0.0 0.0
11.36 0.0 0.0
9.498 0.0 0.0
7.645 0.0 0.0
5.784 0.0 0.0
3.926 0.0 0.0
2.076 0.0 0.0
0.219 0.0 0.0
-1.643 0.0 0.0
-3.5 0.0 0.0
-5.361 0.0 0.0
-7.205 0.0 0.0
-9.065 0.0 0.0
-10.91 0.0 0.0
-12.78 0.0 0.0
-14.64 0.0 0.0
-17.41 0.0 0.0
-20.2 0.0 0.0
-22.99 0.0 0.0
-25.76 0.0 0.0
-28.56 0.0 0.0
-31.35 0.0 0.0
-34.13 0.0 0.0
-36.91 0.0 0.0
-40.62 0.0 0.0
-45.28 0.0 0.0
-49.91 0.0 0.0
-54.54 0.0 0.0
-59.2 0.0 0.0
