1369.0 6.078725643149678 0.9068623247013532
1316.0 9.179501024791488 1.3694553970077719
1264.0 12.553293906450914 1.8727789281775775
1212.0 17.749986894184712 2.6480541026586595
1161.0 24.716584960980626 3.687374790743041
1109.0 33.92836074960033 5.061645138954841
1058.0 48.73039295887654 7.269904917011419
1008.0 67.85686951853629 10.123312360360295
958.0 94.6109589091998 14.114654810142827
908.4 133.31048786562033 19.888092674346616
859.6 188.39544690127045 28.106011517820633
811.9 266.3044525888209 39.728964445890995
765.0 378.80556224014776 56.51258387850306
719.2 541.2394517919352 80.74548783514403
675.2 776.7330745718679 115.87789991352457
633.1 1118.6058368502354 166.88061761328106
593.0 1631.992443623407 243.47084375936902
555.6 2398.432039008766 357.81309804380317
520.2 3569.2632496541564 532.4850236825821
487.5 5425.433975110834 809.4001861602961
457.7 8406.242379210405 1254.0958341498342
431.7 13309.462314260141 1985.588862434831
408.6 21646.381470692937 3229.3426244704647
388.3 36800.61596165981 5490.146142562268
370.9 67408.46076697734 10056.415937207288
356.6 145525.91825732868 21710.46700945681
344.2 0.0 0.0
332.8 0.0 0.0
322.5 0.0 0.0
313.2 0.0 0.0
304.0 0.0 0.0
294.8 0.0 0.0
286.7 0.0 0.0
278.6 0.0 0.0
270.6 0.0 0.0
262.6 0.0 0.0
254.7 0.0 0.0
246.9 0.0 0.0
239.1 0.0 0.0
231.3 0.0 0.0
223.6 0.0 0.0
216.0 0.0 0.0
208.3 0.0 0.0
200.7 0.0 0.0
193.1 0.0 0.0
185.5 0.0 0.0
178.0 0.0 0.0
170.5 0.0 0.0
163.0 0.0 0.0
155.5 0.0 0.0
148.1 0.0 0.0
140.6 0.0 0.0
133.1 0.0 0.0
125.7 0.0 0.0
118.2 0.0 0.0
110.8 0.0 0.0
104.3 0.0 0.0
97.75 0.0 0.0
91.25 0.0 0.0
84.75 0.0 0.0
78.24 0.0 0.0
71.73 0.0 0.0
66.16 0.0 0.0
60.59 0.0 0.0
55.02 0.0 0.0
49.45 0.0 0.0
44.8 0.0 0.0
41.1 0.0 0.0
39.24 0.0 0.0
37.37 0.0 0.0
35.52 0.0 0.0
33.67 0.0 0.0
31.8 0.0 0.0
29.95 0.0 0.0
28.09 0.0 0.0
26.22 0.0 0.0
24.37 0.0 0.0
22.52 0.0 0.0
20.65 0.0 0.0
18.79 0.0 0.0
16.94 0.0 0.0
15.07 0.0 0.0
13.22 0.0 0.0
11.36 0.0 0.0
9.498 0.0 0.0
7.645 0.0 0.0
5.784 0.0 0.0
3.926 0.0 0.0
2.076 0.0 0.0
0.219 0.0 0.0
-1.643 0.0 0.0
-3.5 0.0 0.0
-5.361 0.0 0.0
-7.205 0.0 0.0
-9.065 0.0 0.0
-10.91 0.0 0.0
-12.78 0.0 0.0
-14.64 0.0 0.0
-17.41 0.0 0.0
-20.2 0.0 0.0
-22.99 0.0 0.0
-25.76 0.0 0.0
-28.56 0.0 0.0
-31.35 0.0 0.0
-34.13 0.0 0.0
-36.91 0.0 0.0
-40.62 0.0 0.0
-45.28 0.0 0.0
-49.91 0.0 0.0
-54.54 0.0 0.0
-59.2 0.0 0.0
