4.648616136101471e-12,7.275783158277553e-13,9.928039087895974e-13,9.928039087895973e-14,6.949627361527181e-15
5.034344884948631e-12,7.879506643366015e-13,1.075183911434673e-12,1.0751839114346733e-13,7.526287380042712e-15
4.9268758473031534e-12,7.711301441808329e-13,1.052231773094043e-12,1.0522317730940432e-13,7.365622411658301e-15
5.00174764080398e-12,7.828487055383253e-13,1.0682221252912125e-12,1.0682221252912126e-13,7.477554877038487e-15
4.9916927954974694e-12,7.812749710763195e-13,1.066074714227293e-12,1.0660747142272932e-13,7.462522999591052e-15
4.899705403002234e-12,7.668775611483837e-13,1.0464289873798143e-12,1.0464289873798143e-13,7.3250029116587e-15
5.047365500247836e-12,7.899885863919128e-13,1.0779647213328073e-12,1.0779647213328073e-13,7.545753049329649e-15
5.018191198719494e-12,7.854223695759887e-13,1.0717339722785659e-12,1.071733972278566e-13,7.502137805949963e-15
5.003477901240965e-12,7.831195173106522e-13,1.0685916566258655e-12,1.0685916566258656e-13,7.48014159638106e-15
5.013016929768666e-12,7.846125186916263e-13,1.0706289048156676e-12,1.0706289048156674e-13,7.494402333709673e-15
5.037948261895303e-12,7.885146470044308e-13,1.0759534838434845e-12,1.0759534838434846e-13,7.531674386904392e-15
5.0496176672445875e-12,7.90341084387549e-13,1.0784457161347347e-12,1.0784457161347347e-13,7.549120012943141e-15
5.068809054329874e-12,7.933448250030565e-13,1.0825444163834812e-12,1.0825444163834811e-13,7.577810914684367e-15
5.077855186873431e-12,7.94760680751971e-13,1.0844763968881574e-12,1.0844763968881573e-13,7.591334778217102e-15
5.095207661065642e-12,7.974766038522168e-13,1.088182360921498e-12,1.088182360921498e-13,7.617276526450485e-15
5.1044384739101495e-12,7.989213648448422e-13,1.0901537835567552e-12,1.0901537835567552e-13,7.631076484897285e-15
5.1350467461318875e-12,8.037120196335954e-13,1.0966907854113594e-12,1.0966907854113594e-13,7.676835497879515e-15
5.172528650167469e-12,8.095785011441761e-13,1.1046957872755506e-12,1.1046957872755506e-13,7.732870510928855e-15
5.183407084616153e-12,8.11281139689344e-13,1.1070190920884152e-12,1.1070190920884156e-13,7.749133644618908e-15
5.225961149275099e-12,8.179414905958716e-13,1.1161073541628394e-12,1.1161073541628395e-13,7.812751479139875e-15
5.2585127618293306e-12,8.2303630736419e-13,1.1230593947777369e-12,1.1230593947777372e-13,7.861415763444159e-15
5.3425025627276275e-12,8.361819739658508e-13,1.1409970777760626e-12,1.1409970777760624e-13,7.986979544432438e-15
5.373117274768749e-12,8.409736366831583e-13,1.1475354549814527e-12,1.1475354549814527e-13,8.032748184870167e-15
5.424415559980891e-12,8.490025895729537e-13,1.1584912182842769e-12,1.1584912182842768e-13,8.109438527989938e-15
5.536597130861642e-12,8.665606920315447e-13,1.1824498112942756e-12,1.1824498112942755e-13,8.277148679059928e-15
5.649965173630334e-12,8.843044951788419e-13,1.2066617988400945e-12,1.2066617988400946e-13,8.446632591880662e-15
5.647839285409923e-12,8.839717617102655e-13,1.2062077733681949e-12,1.2062077733681947e-13,8.443454413577364e-15
5.78219115313176e-12,9.049998489481476e-13,1.234901271717423e-12,1.234901271717423e-13,8.644308902021961e-15
5.809254966490926e-12,9.092357426350486e-13,1.2406812842852634e-12,1.2406812842852634e-13,8.684768989996843e-15
5.930998457668991e-12,9.282904293807289e-13,1.2666820144751819e-12,1.2666820144751819e-13,8.866774101326274e-15
5.995884383094933e-12,9.384460522500163e-13,1.2805396870603674e-12,1.2805396870603678e-13,8.963777809422573e-15
6.1046605604906235e-12,9.554711594291415e-13,1.3037709909451838e-12,1.3037709909451835e-13,9.126396936616284e-15
6.156259930876883e-12,9.635472366754105e-13,1.3147910569413238e-12,1.3147910569413238e-13,9.203537398589266e-15
6.271217802783704e-12,9.815398719854216e-13,1.3393425839406987e-12,1.3393425839406987e-13,9.375398087584892e-15
6.353631753563266e-12,9.94438894351074e-13,1.3569437129815152e-12,1.3569437129815153e-13,9.498605990870605e-15
6.458990779222702e-12,1.0109291659076395e-12,1.37944521653407e-12,1.37944521653407e-13,9.65611651573849e-15
6.638866565268571e-12,1.0390824308014801e-12,1.4178612479409361e-12,1.417861247940936e-13,9.925028735586554e-15
6.745445269610127e-12,1.0557636004092953e-12,1.44062323799692e-12,1.4406232379969201e-13,1.0084362665978442e-14
6.876327640072139e-12,1.0762486591631799e-12,1.4685757565921223e-12,1.4685757565921224e-13,1.0280030296144856e-14
6.9419593848502825e-12,1.086521013974254e-12,1.4825927136495979e-12,1.482592713649598e-13,1.0378148995547186e-14
7.328752860116168e-12,1.147060008175468e-12,1.5652001096778555e-12,1.565200109677856e-13,1.0956400767744988e-14
7.613448464494158e-12,1.1916191505723317e-12,1.6260024862489452e-12,1.6260024862489453e-13,1.1382017403742617e-14
8.345826587668586e-12,1.3062473379311666e-12,1.7824163182607547e-12,1.7824163182607547e-13,1.2476914227825282e-14
1.1130160721621414e-11,1.7420374915105219e-12,2.3770659366916977e-12,2.377065936691698e-13,1.6639461556841888e-14
0.0,0.0,0.0,0.0,0.0
0.0,0.0,0.0,0.0,0.0
0.0,0.0,0.0,0.0,0.0
0.0,0.0,0.0,0.0,0.0
0.0,0.0,0.0,0.0,0.0
0.0,0.0,0.0,0.0,0.0
0.0,0.0,0.0,0.0,0.0
0.0,0.0,0.0,0.0,0.0
0.0,0.0,0.0,0.0,0.0
0.0,0.0,0.0,0.0,0.0
0.0,0.0,0.0,0.0,0.0
0.0,0.0,0.0,0.0,0.0
0.0,0.0,0.0,0.0,0.0
0.0,0.0,0.0,0.0,0.0
0.0,0.0,0.0,0.0,0.0
0.0,0.0,0.0,0.0,0.0
0.0,0.0,0.0,0.0,0.0
0.0,0.0,0.0,0.0,0.0
0.0,0.0,0.0,0.0,0.0
0.0,0.0,0.0,0.0,0.0
0.0,0.0,0.0,0.0,0.0
0.0,0.0,0.0,0.0,0.0
0.0,0.0,0.0,0.0,0.0
0.0,0.0,0.0,0.0,0.0
0.0,0.0,0.0,0.0,0.0
0.0,0.0,0.0,0.0,0.0
0.0,0.0,0.0,0.0,0.0
0.0,0.0,0.0,0.0,0.0
0.0,0.0,0.0,0.0,0.0
0.0,0.0,0.0,0.0,0.0
0.0,0.0,0.0,0.0,0.0
0.0,0.0,0.0,0.0,0.0
0.0,0.0,0.0,0.0,0.0
0.0,0.0,0.0,0.0,0.0
0.0,0.0,0.0,0.0,0.0
0.0,0.0,0.0,0.0,0.0
0.0,0.0,0.0,0.0,0.0
0.0,0.0,0.0,0.0,0.0
0.0,0.0,0.0,0.0,0.0
0.0,0.0,0.0,0.0,0.0
0.0,0.0,0.0,0.0,0.0
0.0,0.0,0.0,0.0,0.0
0.0,0.0,0.0,0.0,0.0
0.0,0.0,0.0,0.0,0.0
0.0,0.0,0.0,0.0,0.0
0.0,0.0,0.0,0.0,0.0
0.0,0.0,0.0,0.0,0.0
0.0,0.0,0.0,0.0,0.0
0.0,0.0,0.0,0.0,0.0
0.0,0.0,0.0,0.0,0.0
0.0,0.0,0.0,0.0,0.0
0.0,0.0,0.0,0.0,0.0
0.0,0.0,0.0,0.0,0.0
0.0,0.0,0.0,0.0,0.0
0.0,0.0,0.0,0.0,0.0
0.0,0.0,0.0,0.0,0.0
0.0,0.0,0.0,0.0,0.0
0.0,0.0,0.0,0.0,0.0
0.0,0.0,0.0,0.0,0.0
0.0,0.0,0.0,0.0,0.0
0.0,0.0,0.0,0.0,0.0
0.0,0.0,0.0,0.0,0.0
0.0,0.0,0.0,0.0,0.0
0.0,0.0,0.0,0.0,0.0
0.0,0.0,0.0,0.0,0.0
0.0,0.0,0.0,0.0,0.0
0.0,0.0,0.0,0.0,0.0
