17.86684579421234  0.004017541726172736
18.526820003583882  0.005785970800743599
19.491940296028535  0.008145000008709314
20.507336738330977  0.012277470827878717
21.575628373178745  0.01808946582811856
22.864843963181734  0.027896168296363738
24.585227313416272  0.041101851530092805
26.243975015122864  0.05919393724285383
28.839478152677888  0.09554281212853757
30.562732938072834  0.12850229707873087
33.82988855526726  0.18506604023110224
36.11236693851238  0.24329804200374014
39.11222650971766  0.2987084613180924
42.66971309614808  0.3926986478874693
47.92137829573995  0.4821346193585811
53.81940329874693  0.5919393724285371
62.222986309858555  0.6943591429214284
71.93873933951605  0.7435105387260139
84.38708640212582  0.814500000870929
98.2739841675685  0.7961411998850882
114.44613596618017  0.7606556908840938
134.25000288908976  0.7103708771708723
155.212350562437  0.6484570079997868
179.44784542775383  0.6195540608875715
201.5337685941731  0.552807921196648
229.64584977634158  0.4821346193585811
269.38398344048755  0.43019302671138504
315.9984410993736  0.37519533138243166
370.6791083193493  0.327228773946668
428.5584690390364  0.2789616829636371
488.3383786639664  0.24329804200374014
548.4416576121015  0.2220928889966336
643.3445174652245  0.18506604023110224
722.5255048345855  0.1542122280526466
847.5519972133266  0.1314655253335083
994.2131913319186  0.10707867049863966
1183.2973389008835  0.09554281212853757
1408.3424002593595  0.08145000008709298
1652.043292746188  0.0710370877170873
1966.236667446299  0.06055893344398838
2273.2529485941277  0.05281682335805874
2745.132598222097  0.04401131616874811
3314.96456937712  0.036673844198734144
4003.081710276126  0.029197558324779015
4904.686081709968  0.024890842912355795
5922.7960774338535  0.020273591573791973
7049.221332389565  0.01689362199201792
8891.198423929683  0.014077153669117286
10279.506718783981  0.011465841675756242
12234.511724045286  0.009774600356461539
15209.137978792109  0.007961411998850906
18634.655187750992  0.006484570079997888
22831.693318226695  0.0054034765035835125
27974.020153601254  0.004401131616874815
32814.67089068173  0.0037519533138243243
40793.034373750466  0.0029870846131809367
52967.26658634321  0.002324537911840441
63962.160583499404  0.0019369959509055107
79513.53905069827  0.0015073628992941276
104752.36362228263  0.0012000737073062922
140019.2592249912  0.000892267448630226
174062.707304924  0.0007267518376864206
222754.29519995517  0.0005785970800743598
276913.44677092787  0.00046064497358041026
339281.9898552663  0.00037519533138243244
446975.3301906181  0.00028539446400919127
563770.970428461  0.00023245379118404458
670991.5890010073  0.00018933361312185545
846323.1720621117  0.00015421222805264738
