50.784840111299445  0.0011465841675756254
53.81940329874693  0.0017681729913172595
57.868851679143305  0.0025464819025467116
62.222986309858555  0.0036673844198734182
67.88253215826396  0.005528079211966491
74.05684692262439  0.007781962056190501
83.17155001187848  0.011207402013097808
92.06258725526487  0.014401769029678624
101.904076224656  0.01808946582811856
114.44613596618017  0.022721429101683868
144.35116387279174  0.028539446400919037
169.329824929104  0.029197558324779015
195.76968031267077  0.03126435727223819
219.86444783352607  0.029870846131809275
250.53348781468702  0.027267389657354753
298.181126564538  0.02546481902546704
339.77461283458587  0.022209288899663407
392.8284185071255  0.021708692319540656
491.8939211695682  0.01651284035451042
681.7864931663894  0.01186471814630137
979.8922523677622  0.008052682832446539
1460.3644344136292  0.005221818615899531
1952.0241762031512  0.003972006046948472
2444.295730689223  0.0030213290038373945
3082.995599594127  0.0024329804200374063
3888.589153832324  0.0018933361312185506
4834.037542114131  0.001577683203699521
6009.356616020744  0.0012560585988318895
7362.829411892165  0.0010230597298425117
9021.141598436518  0.0008524974121288714
11378.385807454266  0.0006634102514187453
13941.112008502514  0.0005342232342468756
18101.68347612762  0.00042049649122403684
22502.81889842481  0.0003347745810705742
28382.855139523206  0.00026652783666455574
36322.55863567209  0.00020741095118421017
43862.360246043834  0.00016512840354510454
56132.23701788104  0.00013449708483130303
