358.1410100125448 981.9973718791065
418.4288507901576 962.2864651773982
477.58871258834813 942.57555847569
562.3413251903479 918.92247043364
667.304916057318 895.26938239159
773.5947495860959 875.5584756898818
882.9699955494083 854.533508541393
1047.7804002076227 833.5085413929041
1205.2609368708413 816.425755584757
1375.6676149031723 792.772667542707
1594.7870582948192 774.3758212877793
1834.4822480063824 752.03679369251
2176.896784350981 729.6977660972407
2583.2245664233646 708.6727989487517
2971.4811046840064 686.3337713534823
3444.7853234163667 666.6228646517741
4024.66493308159 646.9119579500659
4665.72264965566 628.5151116951381
5493.6990523883605 606.1760840998688
6468.607661546321 582.5229960578188
7440.834099263867 564.1261498028912
8626.026952927908 545.7293035479634
10000 523.390275952694
12241.590225145415 499.737187910644
14869.531912286628 476.0840998685941
17782.794100389227 456.3731931668858
21102.034285685964 437.9763469119581
25433.457613046536 420.89356110381095
30180.72927821283 401.1826544021027
35814.10100125455 385.4139290407361
40246.64933081594 357.8186596583445
32118.611090488983 343.3639947437583
25832.245664233673 339.42181340341676
20139.749017546495 334.1655716162945
15102.681165667133 331.5374507227335
11413.85713930752 324.31011826544034
8559.18537491462 319.7109067017085
6319.397524000263 315.7687253613668
4965.305174005709 313.1406044678058
3723.453597555363 307.88436268068347
2770.5600495716662 303.9421813403419
