1308.625336927224 2768414247.8108788
1227.7628032345015 2304357202.8654146
1146.9002695417794 1596567377.0059826
1098.382749326146 1106177196.0311131
1044.4743935309975 780603112.9901888
1001.3477088948789 582023123.150709
952.8301886792456 395921933.546397
893.5309973045823 311906125.834832
801.8867924528304 317681578.4149602
742.5876010781672 426071094.40588486
710.2425876010784 531006211.8397717
677.8975741239892 712179783.7436088
650.9433962264152 937802861.9870088
602.4258760107818 1168770075.544786
570.0808625336927 824773429.2602254
564.6900269541779 540838661.2282695
553.9083557951485 388724070.94435763
548.5175202156333 264430019.46585014
543.1266846361186 179878840.5998099
537.7358490566039 122362798.9019256
