1287.0619946091647 10565848579.5789
1249.3261455525608 13168063505.782219
1211.5902964959569 17024552192.378637
1163.0727762803235 22418038442.674488
1114.5552560646906 30066830507.959076
1076.8194070080863 39592193354.639534
1033.692722371968 52135251642.71022
990.5660377358495 66178532342.26112
947.4393530997304 85560027667.02261
877.3584905660377 95516781737.03519
812.6684636118598 79505725764.96034
780.3234501347711 60377690106.10278
747.9784366576819 45851609144.799934
726.415094339623 34820312891.61529
694.0700808625338 25962268047.62644
683.2884097035039 19357648056.606434
656.3342318059299 14972654555.11296
640.1617250673853 10960759218.50673
618.5983827493264 7456069716.673378
607.8167115902966 5072000443.730913
597.0350404312667 3712967224.032399
591.644204851752 2525750445.403947
580.8625336927225 1815365774.8822699
580.8625336927225 1281060737.984237
575.4716981132074 920753601.5736823
570.0808625336927 614956818.9024019
570.0808625336927 335657545.40540767
564.6900269541779 245718721.5213836
564.6900269541779 161128110.66858086
