38486.46802179901  0.14243116142761253
40203.642533000835  0.1873817422860383
41541.61843090048  0.242985264548076
44352.63549150689  0.3536627680080951
46331.544419379905  0.47890655747054334
48929.80215481102  0.621016941891561
51673.76932739418  0.8531678524172805
54571.61727432382  1.106336261977285
59549.96582570238  1.542012074098786
63233.59412257173  1.9426799320338641
70140.9371188578  2.747081051904993
76539.6119270954  3.460867343937812
84438.45618409631  4.360119904008358
94689.82578917757  5.336699231206304
106766.74902611728  6.346113526541408
121042.64037045141  7.226602538535259
141022.72408319783  7.823785369325768
166103.63893744425  8.111308307896865
195645.19865595314  7.995052439278662
230440.72966723263  7.546454305735434
274402.8549722261  6.920307489342821
312795.62028474594  6.300471345706649
380687.5907540219  5.453522584276808
460794.3114113266  4.652770151336582
522407.5906560292  4.175318936560396
595499.658257025  3.6665982167466824
675124.5273703994  3.266679920813007
782284.8667162186  2.827552376045164
891737.3696736353  2.5191493656671904
1016503.795874809  2.1805095531772096
1184294.5089139922  1.8873918221350958
1364806.524690809  1.63367680965759
1572832.4633935082  1.4140677558906827
1832454.396528395  1.206437150465777
2088840.1823065009  1.04426032364373
2381097.895524433  0.9038843201367747
2714246.516366068  0.7937550847526366
3127956.2028474594  0.707179691944907
3604724.164860014  0.6121161750527595
4064477.645939199  0.5453522584276811
4607943.114113266  0.4686475975072232
