1010.6510394284746  0.15547718420411744
1117.6681714743524  0.2033917501372293
1275.9340310317953  0.2560550427970478
1418.5364209608379  0.32859932476006576
1593.8740053312508  0.41368204023885113
1753.335518431495  0.501187233627273
1908.4238993464062  0.6072021956909897
2167.152985829688  0.7498942093324565
2409.3608019118924  0.9261187281287947
2678.638523328376  1.18850222743702
2884.846431485326  1.3856918628031294
3173.4652153338584  1.6468978654828705
3490.9592978745627  2.033917501372294
3840.217551631426  2.4173154808041075
4269.41231201199  2.985382618917965
4746.575225201989  3.616873614408165
5221.45345580438  4.381942421619443
5805.019473789528  5.20794832859547
6453.806660598556  6.431811877215098
7175.104338658837  7.943282347242826
7977.016507938924  9.6235062639809
10070.881472933972  13.593563908785276
11196.434778829545  15.252229565390213
12849.780393804065  17.444826989992567
14904.34460707839  20.33917501372295
20051.51720600654  22.82092971067453
24784.021612866374  23.263050671536288
30959.757194007474  20.33917501372295
37863.508927610186  17.444826989992567
49085.24016353477  12.589254117941694
56632.72833324625  10.391223038351706
63970.77248197673  8.01985777755136
80335.5877590904  4.823178482239314
100353.78155771675  2.872984833353667
128044.80503222176  1.4125375446227562
154947.31289444194  0.7792317984341948
172264.71065517305  0.5108969774506935
194585.47974504723  0.3686945064519581
208457.9223330515  0.2560550427970478
234224.27419026697  0.18127308811847004
252255.41097849587  0.14399033208816342
271674.62718334346  0.103912230383517
289505.2486128377  0.0825404185268019
311792.04513166414  0.06556418494179798
335794.5317854775  0.04466835921509635
369389.59886744  0.034807005884284134
402063.3422627764  0.022387211385683423
433015.1261755904  0.01646897865482869
471316.75990415056  0.013335214321633255
496957.2358044282  0.010193734859388737
552498.7354389625  0.007498942093324566
588760.4794745513  0.005732358369467713
654562.197609576  0.004058198942243803
704951.9386486062  0.0029853826189179603
751219.5318881767  0.0022820929710674533
853063.9613675959  0.0015848931924611158
